
raw_voltage_data
-0.001625 -0.001625 -0.001625 0.066375 0.299375 0.347125 0.379 0.4035 0.424125 0.442625 0.458625 0.472875 0.48575 0.4975 0.5075 0.516375 0.524125 0.531 0.537 0.54225 0.546875 0.551125 0.554875 0.55825 0.56125 0.564125 0.566625 0.569 0.57125 0.57325 0.575125 0.576875 0.578625 0.580125 0.581625 0.583 0.584375 0.585625 0.586875 0.588 0.589 0.590125 0.591125 0.592125 0.593 0.593875 0.59475 0.595625 0.5965 0.59725 0.598125 0.598875 0.599625 0.600375 0.601125 0.60175 0.6025 0.603125 0.603875 0.6045 0.605125 0.60575 0.606375 0.607 0.6075 0.608125 0.608625 0.60925 0.60975 0.61025 0.61075 0.61125 0.61175 0.61225 0.61275 0.613125 0.613625 0.614 0.6145 0.614875 0.61525 0.615625 0.616125 0.6165 0.61675 0.617125 0.6175 0.617875 0.61825 0.6185 0.618875 0.61925 0.6195 0.619875 0.620125 0.620375 0.62075 0.621 0.62125 0.6215 0.62175 0.622 0.622375 0.622625 0.622875 0.623125 0.62325 0.623625 0.62375 0.624 0.62425 0.6245 0.62475 0.624875 0.625125 0.625375 0.6255 0.62575 0.625875 0.62625 0.6265 0.626375 0.626375 0.626375 0.626375 0.626375 0.626375 0.626375 
-0.00125 -0.001375 -0.001375 0.063125 0.29725 0.345375 0.377375 0.402125 0.42275 0.44125 0.457375 0.47175 0.484625 0.496375 0.506375 0.515125 0.522875 0.53 0.535875 0.541125 0.54575 0.55 0.55375 0.557125 0.560125 0.563 0.565625 0.567875 0.570125 0.57225 0.574125 0.575875 0.5775 0.579125 0.580625 0.582 0.58325 0.5845 0.58575 0.586875 0.588 0.589125 0.590125 0.591125 0.592 0.592875 0.593875 0.59475 0.5955 0.596375 0.597125 0.597875 0.59875 0.599375 0.600125 0.600875 0.601625 0.60225 0.603 0.603625 0.60425 0.604875 0.6055 0.606125 0.60675 0.60725 0.607875 0.608375 0.608875 0.6095 0.61 0.6105 0.611 0.6115 0.612 0.612375 0.612875 0.613375 0.61375 0.61425 0.614625 0.615 0.615375 0.61575 0.616125 0.6165 0.616875 0.61725 0.617625 0.617875 0.61825 0.618625 0.618875 0.61925 0.6195 0.619875 0.620125 0.620375 0.620625 0.621 0.62125 0.6215 0.62175 0.622 0.62225 0.622625 0.62275 0.623 0.62325 0.6235 0.62375 0.624 0.62425 0.624375 0.624625 0.624875 0.625 0.62525 0.6255 0.625875 0.626 0.626 0.626 0.626 0.626 0.626 0.626 0.626 
-0.00125 -0.001375 -0.001375 0.062625 0.296875 0.345 0.377 0.40175 0.422375 0.440875 0.457 0.471375 0.48425 0.496 0.506 0.514875 0.5225 0.529625 0.5355 0.54075 0.545375 0.54975 0.553375 0.55675 0.559875 0.56275 0.56525 0.567625 0.56975 0.571875 0.57375 0.575625 0.57725 0.57875 0.58025 0.58175 0.583 0.584375 0.5855 0.586625 0.58775 0.588875 0.589875 0.590875 0.59175 0.59275 0.593625 0.5945 0.59525 0.596125 0.597 0.59775 0.5985 0.59925 0.6 0.60075 0.601375 0.602125 0.60275 0.6035 0.604125 0.60475 0.605375 0.606 0.6065 0.607125 0.607625 0.60825 0.60875 0.60925 0.609875 0.610375 0.610875 0.611375 0.611875 0.61225 0.61275 0.61325 0.613625 0.614 0.6145 0.614875 0.61525 0.615625 0.616 0.616375 0.61675 0.617125 0.6175 0.617875 0.618125 0.6185 0.61875 0.619125 0.619375 0.61975 0.62 0.62025 0.620625 0.620875 0.621125 0.621375 0.62175 0.621875 0.622125 0.6225 0.62275 0.623 0.62325 0.623375 0.623625 0.623875 0.624125 0.624375 0.624625 0.62475 0.625 0.62525 0.625375 0.62575 0.626 0.626 0.625875 0.625875 0.625875 0.625875 0.625875 0.625875 

raw_ground_pin_data
-40.0 -40.0 -40.0 -39.0 -35.0 -34.0 -34.0 -33.0 -33.0 -33.0 -32.0 -32.0 -32.0 -31.0 -31.0 -31.0 -30.0 -30.0 -30.0 -30.0 -29.0 -29.0 -29.0 -29.0 -28.0 -28.0 -28.0 -28.0 -27.0 -27.0 -27.0 -27.0 -26.0 -26.0 -26.0 -26.0 -26.0 -25.0 -25.0 -25.0 -25.0 -24.0 -24.0 -24.0 -24.0 -24.0 -23.0 -23.0 -23.0 -23.0 -23.0 -22.0 -22.0 -22.0 -22.0 -22.0 -21.0 -21.0 -21.0 -21.0 -21.0 -20.0 -20.0 -20.0 -20.0 -20.0 -19.0 -19.0 -19.0 -19.0 -19.0 -18.0 -18.0 -18.0 -18.0 -17.0 -17.0 -17.0 -17.0 -17.0 -17.0 -16.0 -16.0 -16.0 -16.0 -16.0 -15.0 -15.0 -15.0 -15.0 -15.0 -15.0 -14.0 -14.0 -14.0 -14.0 -14.0 -13.0 -13.0 -13.0 -13.0 -13.0 -12.0 -12.0 -12.0 -12.0 -12.0 -12.0 -12.0 -11.0 -11.0 -11.0 -11.0 -11.0 -11.0 -10.0 -10.0 -10.0 -10.0 -10.0 -9.0 -9.0 -9.0 -9.0 -9.0 -9.0 -9.0 -9.0 
-40.0 -39.0 -40.0 -38.0 -35.0 -34.0 -34.0 -33.0 -33.0 -33.0 -32.0 -32.0 -32.0 -31.0 -31.0 -31.0 -30.0 -30.0 -30.0 -30.0 -29.0 -29.0 -29.0 -29.0 -28.0 -28.0 -28.0 -28.0 -27.0 -27.0 -27.0 -27.0 -26.0 -26.0 -26.0 -26.0 -26.0 -25.0 -25.0 -25.0 -25.0 -24.0 -24.0 -24.0 -24.0 -24.0 -23.0 -23.0 -23.0 -23.0 -23.0 -22.0 -22.0 -22.0 -22.0 -22.0 -21.0 -21.0 -21.0 -21.0 -21.0 -20.0 -20.0 -20.0 -20.0 -19.0 -19.0 -19.0 -19.0 -19.0 -19.0 -18.0 -18.0 -18.0 -18.0 -17.0 -17.0 -17.0 -17.0 -17.0 -17.0 -16.0 -16.0 -16.0 -16.0 -15.0 -15.0 -15.0 -15.0 -15.0 -15.0 -14.0 -14.0 -14.0 -14.0 -14.0 -14.0 -13.0 -13.0 -13.0 -13.0 -13.0 -12.0 -12.0 -12.0 -12.0 -12.0 -12.0 -12.0 -11.0 -11.0 -11.0 -11.0 -11.0 -11.0 -10.0 -10.0 -10.0 -10.0 -10.0 -9.0 -9.0 -9.0 -9.0 -9.0 -9.0 -9.0 -9.0 
-40.0 -40.0 -39.0 -38.0 -35.0 -34.0 -34.0 -33.0 -33.0 -33.0 -32.0 -32.0 -31.0 -31.0 -31.0 -31.0 -30.0 -30.0 -30.0 -30.0 -29.0 -29.0 -29.0 -29.0 -28.0 -28.0 -28.0 -28.0 -27.0 -27.0 -27.0 -27.0 -26.0 -26.0 -26.0 -26.0 -26.0 -25.0 -25.0 -25.0 -25.0 -25.0 -24.0 -24.0 -24.0 -24.0 -23.0 -23.0 -23.0 -23.0 -23.0 -22.0 -22.0 -22.0 -22.0 -22.0 -21.0 -21.0 -21.0 -21.0 -21.0 -20.0 -20.0 -20.0 -20.0 -19.0 -19.0 -19.0 -19.0 -19.0 -19.0 -18.0 -18.0 -18.0 -18.0 -17.0 -17.0 -17.0 -17.0 -17.0 -17.0 -16.0 -16.0 -16.0 -16.0 -16.0 -16.0 -15.0 -15.0 -15.0 -15.0 -14.0 -14.0 -14.0 -14.0 -14.0 -14.0 -13.0 -13.0 -13.0 -13.0 -13.0 -13.0 -12.0 -12.0 -12.0 -12.0 -12.0 -11.0 -12.0 -11.0 -11.0 -11.0 -11.0 -10.0 -10.0 -10.0 -10.0 -10.0 -10.0 -9.0 -9.0 -9.0 -9.0 -9.0 -9.0 -9.0 -9.0 

raw_ref_voltage_data
16407.0 16407.0 16407.0 16407.0 16406.0 16407.0 16407.0 16407.0 16407.0 16407.0 16407.0 16407.0 16407.0 16406.0 16407.0 16407.0 16407.0 16407.0 16406.0 16407.0 16407.0 16407.0 16407.0 16407.0 16407.0 16407.0 16407.0 16407.0 16407.0 16407.0 16407.0 16407.0 16407.0 16407.0 16406.0 16406.0 16407.0 16407.0 16407.0 16407.0 16407.0 16407.0 16407.0 16406.0 16407.0 16407.0 16407.0 16407.0 16407.0 16407.0 16407.0 16407.0 16407.0 16406.0 16407.0 16407.0 16407.0 16407.0 16407.0 16407.0 16407.0 16407.0 16407.0 16407.0 16406.0 16406.0 16407.0 16407.0 16406.0 16407.0 16407.0 16407.0 16407.0 16407.0 16407.0 16407.0 16407.0 16407.0 16407.0 16406.0 16407.0 16407.0 16407.0 16407.0 16407.0 16407.0 16407.0 16407.0 16406.0 16406.0 16407.0 16407.0 16407.0 16406.0 16406.0 16407.0 16407.0 16407.0 16407.0 16407.0 16406.0 16407.0 16407.0 16406.0 16407.0 16407.0 16407.0 16407.0 16406.0 16406.0 16407.0 16406.0 16407.0 16407.0 16406.0 16407.0 16407.0 16407.0 16406.0 16407.0 16407.0 16407.0 16406.0 16407.0 16407.0 16407.0 16407.0 16406.0 
16406.0 16406.0 16407.0 16407.0 16407.0 16407.0 16407.0 16407.0 16406.0 16406.0 16407.0 16407.0 16407.0 16407.0 16407.0 16406.0 16407.0 16407.0 16407.0 16407.0 16407.0 16406.0 16407.0 16406.0 16406.0 16407.0 16407.0 16407.0 16407.0 16407.0 16406.0 16406.0 16406.0 16407.0 16407.0 16407.0 16406.0 16407.0 16407.0 16407.0 16407.0 16406.0 16407.0 16407.0 16407.0 16407.0 16407.0 16407.0 16407.0 16407.0 16407.0 16407.0 16406.0 16407.0 16406.0 16407.0 16407.0 16407.0 16406.0 16407.0 16407.0 16407.0 16407.0 16407.0 16407.0 16407.0 16407.0 16406.0 16407.0 16407.0 16407.0 16407.0 16407.0 16407.0 16407.0 16406.0 16406.0 16407.0 16407.0 16407.0 16407.0 16407.0 16407.0 16407.0 16407.0 16407.0 16407.0 16407.0 16407.0 16407.0 16407.0 16407.0 16407.0 16407.0 16407.0 16406.0 16407.0 16406.0 16407.0 16407.0 16407.0 16407.0 16406.0 16407.0 16407.0 16406.0 16407.0 16407.0 16407.0 16407.0 16407.0 16407.0 16407.0 16407.0 16406.0 16407.0 16407.0 16407.0 16407.0 16407.0 16406.0 16406.0 16407.0 16406.0 16407.0 16407.0 16407.0 16407.0 
16407.0 16407.0 16407.0 16407.0 16407.0 16407.0 16407.0 16407.0 16406.0 16406.0 16407.0 16407.0 16407.0 16407.0 16407.0 16407.0 16407.0 16407.0 16407.0 16407.0 16407.0 16407.0 16407.0 16407.0 16407.0 16407.0 16407.0 16407.0 16407.0 16406.0 16406.0 16406.0 16407.0 16407.0 16407.0 16407.0 16407.0 16407.0 16407.0 16407.0 16407.0 16407.0 16407.0 16407.0 16407.0 16407.0 16407.0 16406.0 16407.0 16407.0 16407.0 16407.0 16407.0 16407.0 16407.0 16407.0 16407.0 16407.0 16407.0 16407.0 16407.0 16407.0 16407.0 16407.0 16407.0 16407.0 16407.0 16407.0 16407.0 16407.0 16407.0 16407.0 16407.0 16407.0 16407.0 16407.0 16407.0 16407.0 16407.0 16407.0 16406.0 16407.0 16407.0 16407.0 16407.0 16407.0 16406.0 16407.0 16407.0 16406.0 16407.0 16407.0 16407.0 16407.0 16407.0 16406.0 16406.0 16406.0 16407.0 16407.0 16406.0 16406.0 16406.0 16406.0 16407.0 16406.0 16406.0 16406.0 16407.0 16407.0 16407.0 16407.0 16406.0 16407.0 16407.0 16406.0 16406.0 16406.0 16406.0 16407.0 16406.0 16406.0 16407.0 16406.0 16407.0 16406.0 16407.0 16406.0 
