Time [s] 	 Voltage 	 Gain=4.096
0.0394790172577	0.005125
0.0493719577789	0.005
0.0594069957733	0.004625
0.0694661140442	0.0045
0.0793840885162	0.00425
0.0893170833588	0.00425
0.099200963974	0.003875
0.109106063843	0.00375
0.119183063507	0.0035
0.129123926163	0.003375
0.138994932175	0.003125
0.148857116699	0.003125
0.160346984863	0.002875
0.170465946198	0.00275
0.180701971054	0.002625
0.1908390522	0.0025
0.200736045837	0.002375
0.210655927658	0.002375
0.221950054169	0.002125
0.231929063797	0.002125
0.241811037064	0.002
0.251677036285	0.002
0.261587142944	0.00175
0.271664142609	0.00175
0.281579017639	0.001625
0.291459083557	0.001625
0.301329135895	0.0015
0.311769962311	0.0015
0.32217502594	0.001375
0.332163095474	0.001375
0.342324972153	0.00125
0.352733135223	0.00125
0.363065958023	0.001125
0.373232126236	0.001125
0.383185148239	0.001
0.393182992935	0.001
0.403128147125	0.000875
0.413015127182	0.000875
0.423123121262	0.000875
0.433094978333	0.000875
0.442964076996	0.00075
0.452913045883	0.00075
0.462865114212	0.000625
0.472967147827	0.00075
0.483246088028	0.000625
0.493580102921	0.000625
0.503587961197	0.0005
0.513487100601	0.000625
0.523587942123	0.0005
0.533642053604	0.0005
0.543594121933	0.000375
0.553488969803	0.000375
0.563395023346	0.000375
0.573508024216	0.000375
0.58349108696	0.00025
0.593357086182	0.00025
0.603219032288	0.00025
0.613071918488	0.00025
0.623160123825	0.000125
0.633144140244	0.00025
0.643022060394	0.000125
0.652878046036	0.000125
0.662786960602	0.000125
0.672869920731	0.000125
0.682853937149	0.000125
0.692719936371	0.000125
0.70257806778	0.0
0.712430000305	0.0
0.722523927689	0.0
0.732497930527	0.000125
0.742368936539	0.0
0.752228975296	0.000125
0.762089967728	0.0
0.772220134735	0.0
0.785886049271	-0.000125
0.796236038208	0.0
0.80624294281	-0.000125
0.81613612175	0.0
0.826235055923	-0.000125
0.836225032806	-0.000125
0.846390962601	-0.000125
0.85640501976	-0.000125
0.866317987442	-0.000125
0.876410007477	-0.000125
0.886387109756	-0.00025
0.896250009537	-0.000125
0.906106948853	-0.00025
0.915970087051	-0.00025
0.926074981689	-0.000375
0.936073064804	-0.00025
0.9459400177	-0.00025
0.955796003342	-0.00025
0.96569609642	-0.000375
0.975793123245	-0.00025
0.985830068588	-0.000375
0.995742082596	-0.000375
1.0056040287	-0.000375
1.01545810699	-0.00025
1.02553510666	-0.000375
1.03551506996	-0.00025
1.04538202286	-0.000375
1.05523705482	-0.000375
1.06509304047	-0.000375
1.07521796227	-0.000375
1.08519601822	-0.000375
1.09911513329	-0.00025
1.10912394524	-0.000375
1.11899805069	-0.000375
1.12907099724	-0.000375
1.13907003403	-0.000375
1.14895009995	-0.0005
1.15880393982	-0.000375
1.16870212555	-0.000375
1.17878007889	-0.000375
1.18875098228	-0.0005
1.19861912727	-0.0005
1.2084710598	-0.0005
1.21832609177	-0.0005
1.22841000557	-0.000375
1.23837995529	-0.0005
1.24824810028	-0.0005
1.25810408592	-0.0005
1.26800394058	-0.0005
1.2780790329	-0.0005
1.28805208206	-0.0005
1.29792404175	-0.0005
1.30779004097	-0.0005
1.3176510334	-0.000625
1.32848596573	-0.0005
1.3384680748	-0.000625
1.34833693504	-0.0005
1.35821914673	-0.0005
1.3681230545	-0.000625
1.37917804718	-0.0005
1.3891711235	-0.0005
1.40400910378	-0.000625
1.41400504112	-0.000625
1.42387104034	-0.00075
1.43392205238	-0.0005
1.44390106201	-0.00075
1.4537730217	-0.000625
1.46362900734	-0.000625
1.47352910042	-0.000625
1.48362398148	-0.00075
1.49361205101	-0.000625
1.50347805023	-0.00075
1.51333594322	-0.000625
1.52319812775	-0.00075
1.53327298164	-0.000625
1.54326200485	-0.00075
1.55313396454	-0.000625
1.56300902367	-0.00075
1.57291197777	-0.000625
1.58300304413	-0.00075
1.59298300743	-0.000625
1.60285592079	-0.00075
1.61270999908	-0.00075
1.62257099152	-0.00075
1.6326520443	-0.00075
1.6426410675	-0.00075
1.65250897408	-0.000625
1.66239905357	-0.00075
1.67225694656	-0.000625
1.68317508698	-0.00075
1.69315910339	-0.000625
1.70790314674	-0.000875
1.71789312363	-0.00075
1.72775506973	-0.00075
1.73781704903	-0.000625
1.74779415131	-0.00075
1.7576611042	-0.00075
1.76752710342	-0.00075
1.7773809433	-0.00075
1.78745913506	-0.00075
1.79744911194	-0.00075
1.80731296539	-0.00075
1.81716895103	-0.00075
1.827023983	-0.00075
1.83709096909	-0.00075
1.84706997871	-0.00075
1.85693502426	-0.00075
1.86681604385	-0.00075
1.8766720295	-0.000875
1.88674712181	-0.000875
1.89672613144	-0.00075
1.90659403801	-0.000875
1.91645002365	-0.00075
1.92630505562	-0.000875
1.9366941452	-0.00075
1.94675397873	-0.000875
1.95667815208	-0.00075
1.96654701233	-0.000875
1.97640299797	-0.00075
1.98742794991	-0.000875
2.00247097015	-0.00075
2.01301407814	-0.00075
2.02302908897	-0.000875
2.03290605545	-0.00075
2.04294610023	-0.000875
2.05290412903	-0.00075
2.06278300285	-0.000875
2.07265901566	-0.000875
2.08253598213	-0.000875
2.09255409241	-0.000875
2.10252904892	-0.000875
2.11240696907	-0.000875
2.12228107452	-0.000875
2.13214612007	-0.000875
2.14217615128	-0.000875
2.15215706825	-0.000875
2.1620349884	-0.000875
2.17190098763	-0.000875
2.18177103996	-0.00075
2.19178915024	-0.000875
2.20174813271	-0.000875
2.21162199974	-0.000875
2.22148609161	-0.000875
2.23137998581	-0.000875
2.24148511887	-0.001
2.25144791603	-0.000875
2.26133203506	-0.000875
2.27126693726	-0.000875
2.28118515015	-0.000875
2.29128503799	-0.000875
2.30129694939	-0.000875
2.31161808968	-0.000875
2.32164001465	-0.000875
2.33153510094	-0.000875
2.34157705307	-0.001
2.35184311867	-0.001
2.36182999611	-0.001
2.37173008919	-0.001
2.38158893585	-0.000875
2.39157295227	-0.000875
2.40161895752	-0.001
2.41152405739	-0.000875
2.42140197754	-0.001
2.43132305145	-0.000875
2.44125509262	-0.000875
2.45136904716	-0.000875
2.46131896973	-0.000875
2.47123408318	-0.000875
2.48113894463	-0.001
2.49104714394	-0.000875
2.5010831356	-0.000875
2.51106500626	-0.000875
2.52094292641	-0.000875
2.53080511093	-0.001
2.54067397118	-0.001
2.55069804192	-0.001
2.56066203117	-0.001
2.57053399086	-0.001
2.58042001724	-0.001
2.59030508995	-0.001
2.60033297539	-0.000875
2.61302804947	-0.001
2.62317013741	-0.001
2.63306903839	-0.001
2.64294195175	-0.001
2.65297698975	-0.001
2.66294598579	-0.001
2.67281699181	-0.000875
2.68268704414	-0.001
2.69254803658	-0.000875
2.70262813568	-0.001
2.71259498596	-0.001
2.72247409821	-0.001
2.7323319912	-0.001
2.74220013618	-0.001
2.75223302841	-0.001125
2.7622089386	-0.001125
2.77207994461	-0.001
2.78194713593	-0.001
2.79183411598	-0.001
2.80186200142	-0.001
2.81182098389	-0.001
2.82169699669	-0.001125
2.83157801628	-0.001
2.84144997597	-0.001
2.85147714615	-0.001
2.86144304276	-0.001
2.87135100365	-0.001125
2.88129997253	-0.001125
2.89121294022	-0.001
2.90130996704	-0.001125
2.91149401665	-0.001
2.92179894447	-0.001
2.93180608749	-0.001
2.94168400764	-0.001
2.95172309875	-0.001
2.96169900894	-0.001
2.97157406807	-0.001
2.98144292831	-0.001
2.99131703377	-0.001125
3.00143194199	-0.001
3.01141095161	-0.001
3.02128696442	-0.001
3.03121304512	-0.001125
3.04107403755	-0.001
3.05110096931	-0.001
3.06107997894	-0.001
3.07098293304	-0.001125
3.08085393906	-0.001
3.09071207047	-0.001
3.10069513321	-0.001
3.11069607735	-0.001125
3.12058591843	-0.001
3.13045597076	-0.001125
3.14032292366	-0.001
3.15031313896	-0.001125
3.16042709351	-0.001
3.170347929	-0.001125
3.18029499054	-0.001125
3.19016909599	-0.001125
3.20014405251	-0.001
3.21028494835	-0.001125
3.22102212906	-0.001125
3.23105311394	-0.001125
3.24094200134	-0.001125
3.25080609322	-0.001125
3.26085805893	-0.001
3.27080392838	-0.001125
3.2806789875	-0.001
3.29054498672	-0.001125
3.30045795441	-0.001125
3.31048107147	-0.001125
3.32044911385	-0.001
3.33032512665	-0.001125
3.34018397331	-0.001
3.35015201569	-0.001125
3.36029911041	-0.001
3.3703110218	-0.001125
3.38018703461	-0.001
3.39009904861	-0.00125
3.40000796318	-0.001125
3.41003203392	-0.001125
3.42007112503	-0.001125
3.4299890995	-0.001125
3.43985199928	-0.001
3.44971108437	-0.001125
3.45973300934	-0.001
3.4697060585	-0.001125
3.47958493233	-0.001125
3.48944711685	-0.001125
3.49931907654	-0.001
3.50934100151	-0.00125
3.51951909065	-0.001125
3.52981615067	-0.00125
3.53983092308	-0.001125
3.54970312119	-0.00125
3.55972599983	-0.001
3.56969213486	-0.001125
3.57956314087	-0.001125
3.58942508698	-0.00125
3.59937596321	-0.001125
3.60940098763	-0.001125
3.61937403679	-0.001
3.62935400009	-0.001125
3.63922405243	-0.001125
3.64909100533	-0.00125
3.65910196304	-0.001125
3.6690659523	-0.00125
3.67893910408	-0.001125
3.68880605698	-0.00125
3.69866800308	-0.001
3.72179913521	-0.001125
3.73186802864	-0.00125
3.74176096916	-0.001125
3.75164294243	-0.001125
3.7616789341	-0.001125
3.77164697647	-0.001125
3.78154611588	-0.001125
3.79142713547	-0.001
3.80130505562	-0.001
3.81141614914	-0.001125
3.8214070797	-0.001125
3.8316860199	-0.001125
3.84169793129	-0.001125
3.85186195374	-0.00125
3.86198496819	-0.001125
3.87194895744	-0.001125
3.88181900978	-0.001125
3.89168691635	-0.00125
3.90155911446	-0.001125
3.91161608696	-0.00125
3.92158794403	-0.001125
3.93146109581	-0.00125
3.94132900238	-0.001125
3.95125198364	-0.00125
3.96127200127	-0.001125
3.97136497498	-0.001125
3.98130011559	-0.001125
3.9912109375	-0.00125
4.0010740757	-0.001125
4.03998494148	-0.001125
4.0498509407	-0.00125
4.05970692635	-0.001125
4.06972098351	-0.00125
4.07969808578	-0.001125
4.08957099915	-0.00125
4.09944105148	-0.001125
4.10931110382	-0.00125
4.11933302879	-0.001125
4.13102006912	-0.00125
4.14162492752	-0.001125
4.15155410767	-0.00125
4.16144108772	-0.001125
4.17155408859	-0.00125
4.18153095245	-0.00125
4.19140911102	-0.00125
4.20128202438	-0.001125
4.21122503281	-0.00125
4.22137498856	-0.001125
4.23135995865	-0.00125
4.24128699303	-0.00125
4.25119709969	-0.00125
4.26107001305	-0.001125
4.27110004425	-0.00125
4.28108310699	-0.001125
4.29096102715	-0.00125
4.30082893372	-0.001125
4.31069302559	-0.00125
4.32076692581	-0.001125
4.33073806763	-0.00125
4.34067606926	-0.001125
4.35056209564	-0.001125
4.36044311523	-0.001125
4.37047314644	-0.001375
4.38047909737	-0.001125
4.39036297798	-0.00125
4.4002931118	-0.001125
4.41015791893	-0.00125
4.42030000687	-0.001125
4.43040108681	-0.00125
4.44074296951	-0.00125
4.45075011253	-0.00125
4.46063113213	-0.001125
4.47065401077	-0.00125
4.48062610626	-0.00125
4.49049711227	-0.001375
4.50036001205	-0.001125
4.51030611992	-0.00125
4.52033996582	-0.00125
4.53030800819	-0.00125
4.54018211365	-0.001125
4.55012512207	-0.00125
4.56003594398	-0.00125
4.57005214691	-0.00125
4.58009696007	-0.001125
4.59002614021	-0.00125
4.59989094734	-0.001125
4.60975408554	-0.00125
4.61969709396	-0.00125
4.62972307205	-0.00125
4.63960695267	-0.001125
4.6494679451	-0.00125
4.6593310833	-0.001125
4.66919803619	-0.00125
4.67923998833	-0.00125
4.68917298317	-0.00125
4.69904708862	-0.00125
4.70891404152	-0.00125
4.71882009506	-0.00125
4.72886610031	-0.00125
4.74033212662	-0.001125
4.75038194656	-0.00125
4.76030111313	-0.001125
4.77016711235	-0.00125
4.78032708168	-0.00125
4.79029893875	-0.00125
4.80017995834	-0.00125
4.81009507179	-0.001375
4.82005214691	-0.00125
4.83006691933	-0.00125
4.84011006355	-0.001125
4.85003709793	-0.001375
4.85990715027	-0.00125
4.86977005005	-0.00125
4.87977695465	-0.001125
4.88973999023	-0.00125
4.89963293076	-0.001125
4.90950512886	-0.00125
4.91941905022	-0.00125
4.92947506905	-0.00125
4.93945407867	-0.00125
4.9493291378	-0.00125
4.95919394493	-0.00125
4.96906304359	-0.00125
4.97906494141	-0.00125
4.98904204369	-0.00125
4.99892497063	-0.00125
5.00880098343	-0.00125
5.01867294312	-0.001125
5.02869606018	-0.001375
5.03880500793	-0.00125
5.04909610748	-0.00125
5.0591070652	-0.00125
5.06898903847	-0.00125
5.07900595665	-0.00125
5.08898901939	-0.00125
5.09889006615	-0.00125
5.10876202583	-0.00125
5.11862897873	-0.00125
5.12867808342	-0.00125
5.13866209984	-0.00125
5.14855098724	-0.00125
5.15842199326	-0.00125
5.16829800606	-0.00125
5.1783220768	-0.00125
5.18829607964	-0.00125
5.19817113876	-0.00125
5.20804715157	-0.00125
5.21791505814	-0.00125
5.22791910172	-0.00125
5.23789596558	-0.00125
5.24777698517	-0.00125
5.25764298439	-0.00125
5.26750802994	-0.00125
5.27742314339	-0.00125
5.28748893738	-0.00125
5.2973959446	-0.001375
5.30727005005	-0.00125
5.3171350956	-0.00125
5.3270380497	-0.00125
5.33708310127	-0.001375
5.35053300858	-0.00125
5.36057209969	-0.00125
5.37044215202	-0.001375
5.38045907021	-0.00125
5.39042496681	-0.001375
5.40031194687	-0.00125
5.41018104553	-0.00125
5.42009496689	-0.00125
5.43011808395	-0.001375
5.44019508362	-0.00125
5.4501349926	-0.00125
5.46004199982	-0.00125
5.46990513802	-0.001375
5.47980213165	-0.00125
5.48986411095	-0.00125
5.4997780323	-0.00125
5.50964403152	-0.00125
5.51952910423	-0.00125
5.52939295769	-0.001375
5.5395219326	-0.00125
5.54949402809	-0.00125
5.55937004089	-0.00125
5.56923007965	-0.00125
5.57909107208	-0.00125
5.58915400505	-0.00125
5.59914207458	-0.00125
5.6090221405	-0.00125
5.61888599396	-0.00125
5.62879514694	-0.001375
5.63881802559	-0.00125
5.65010094643	-0.00125
5.66091012955	-0.00125
5.67083191872	-0.00125
5.6807050705	-0.00125
5.69074296951	-0.00125
5.70070314407	-0.001375
5.71057701111	-0.00125
5.72045111656	-0.001125
5.73036503792	-0.001375
5.74038791656	-0.00125
5.75035405159	-0.00125
5.76029992104	-0.00125
5.77016401291	-0.001375
5.78007102013	-0.00125
5.79009008408	-0.00125
5.80014705658	-0.00125
5.81006813049	-0.001375
5.81993699074	-0.00125
5.8298470974	-0.001375
5.83987212181	-0.001375
5.84984612465	-0.00125
5.85971808434	-0.00125
5.86959004402	-0.00125
5.87946414948	-0.00125
5.88947510719	-0.00125
5.89943099022	-0.001375
5.90931510925	-0.001375
5.91919207573	-0.001375
5.92905902863	-0.00125
5.93908405304	-0.001375
5.94911503792	-0.00125
5.95940494537	-0.00125
5.96947908401	-0.00125
5.9793651104	-0.001375
5.98938393593	-0.001375
5.99935102463	-0.001375
6.00922298431	-0.001375
6.01908302307	-0.001375
6.02894306183	-0.001375
6.03894805908	-0.001375
6.04890704155	-0.00125
6.05877399445	-0.001375
6.06863713264	-0.00125
6.07851815224	-0.00125
6.08853292465	-0.00125
6.09851002693	-0.001375
6.10838413239	-0.00125
6.11824703217	-0.001375
6.12811613083	-0.00125
6.13809013367	-0.001375
6.14814209938	-0.00125
6.15804600716	-0.001375
6.16791200638	-0.001375
6.17777514458	-0.00125
6.18764805794	-0.00125
6.19770002365	-0.001375
6.2076561451	-0.00125
6.21753311157	-0.001375
6.22740411758	-0.00125
6.23730611801	-0.001375
6.24732708931	-0.00125
6.2595500946	-0.001375
6.26961112022	-0.001375
6.27950906754	-0.001375
6.28939604759	-0.00125
6.29949903488	-0.001375
6.30943202972	-0.001375
6.3193860054	-0.001375
6.32934093475	-0.00125
6.33925104141	-0.001375
6.34931492805	-0.00125
6.35928010941	-0.001375
6.369161129	-0.001375
6.37903213501	-0.001375
6.38889598846	-0.00125
6.39893507957	-0.001375
6.40890908241	-0.001375
6.41878199577	-0.001375
6.428647995	-0.00125
6.43855810165	-0.001375
6.44858813286	-0.00125
6.45855402946	-0.001375
6.46842908859	-0.00125
6.47829413414	-0.001375
6.48816108704	-0.00125
6.49816799164	-0.00125
6.50813102722	-0.00125
6.51800394058	-0.001375
6.52786707878	-0.00125
6.53772997856	-0.001375
6.54773807526	-0.00125
6.55781292915	-0.00125
6.56810092926	-0.00125
6.57810211182	-0.001375
6.58797311783	-0.00125
6.59798812866	-0.001375
6.60794496536	-0.00125
6.61781406403	-0.001375
6.62767601013	-0.00125
6.6375439167	-0.001375
6.64755702019	-0.00125
6.65751099586	-0.001375
6.6673810482	-0.00125
6.67724514008	-0.001375
6.68711495399	-0.00125
6.69712710381	-0.001375
6.70709013939	-0.00125
6.71696615219	-0.001375
6.72683000565	-0.00125
6.73669195175	-0.001375
6.74670100212	-0.00125
6.75667500496	-0.001375
6.76655507088	-0.001375
6.77642011642	-0.001375
6.78629493713	-0.001375
6.79623103142	-0.001375
6.80626797676	-0.00125
6.81616997719	-0.001375
6.82603311539	-0.001375
6.83589696884	-0.001375
6.84580802917	-0.00125
6.85649299622	-0.001375
6.86685299873	-0.00125
6.87701296806	-0.001375
6.88694310188	-0.00125
6.89681911469	-0.001375
6.90691113472	-0.00125
6.91687297821	-0.001375
6.92673707008	-0.00125
6.93659591675	-0.001375
6.94649910927	-0.00125
6.95659613609	-0.001375
6.96657395363	-0.00125
6.97644114494	-0.0015
6.98629498482	-0.00125
6.99615192413	-0.001375
7.0062289238	-0.00125
7.01620793343	-0.001375
7.0260720253	-0.00125
7.03592896461	-0.001375
7.04582810402	-0.00125
7.05590510368	-0.001375
7.06588292122	-0.00125
7.07574796677	-0.001375
7.0856051445	-0.001375
7.09546494484	-0.0015
7.10555315018	-0.001375
7.11554098129	-0.001375
7.12540698051	-0.00125
7.13526201248	-0.001375
7.1451151371	-0.001375
7.1551990509	-0.001375
7.16868805885	-0.00125
7.17902207375	-0.00125
7.18902111053	-0.00125
7.19888806343	-0.001375
7.20895814896	-0.00125
7.21901512146	-0.001375
7.22890400887	-0.00125
7.23876309395	-0.001375
7.24861693382	-0.001375
7.25869107246	-0.001375
7.26867198944	-0.00125
7.27854299545	-0.001375
7.28839993477	-0.001375
7.29825305939	-0.001375
7.30832695961	-0.001375
7.31830406189	-0.0015
7.3281750679	-0.001375
7.33803105354	-0.001375
7.34788298607	-0.001375
7.35795402527	-0.001375
7.36793613434	-0.001375
7.37782692909	-0.001375
7.38769197464	-0.001375
7.39755296707	-0.0015
7.40762901306	-0.00125
7.41760611534	-0.001375
7.42747402191	-0.00125
7.43735909462	-0.0015
7.44721603394	-0.00125
7.45728993416	-0.001375
7.47239398956	-0.00125
7.48292613029	-0.001375
7.49293208122	-0.001375
7.50281214714	-0.001375
7.51284408569	-0.0015
7.522824049	-0.001375
7.53269600868	-0.001375
7.54256510735	-0.001375
7.55243015289	-0.001375
7.56246304512	-0.0015
7.57242107391	-0.001375
7.58230209351	-0.001375
7.59216809273	-0.001375
7.60203504562	-0.0015
7.61309504509	-0.00125
7.62310409546	-0.001375
7.63298606873	-0.001375
7.64285802841	-0.001375
7.65271997452	-0.00125
7.66276597977	-0.001375
7.67272400856	-0.001375
7.68261098862	-0.001375
7.69247412682	-0.001375
7.70233893394	-0.001375
7.71236205101	-0.001375
7.72232103348	-0.001375
7.73219394684	-0.001375
7.74206805229	-0.001375
7.75193214417	-0.00125
7.76195502281	-0.001375
7.77192401886	-0.00125
7.7822060585	-0.001375
7.79222512245	-0.001375
7.80210399628	-0.0015
7.81212592125	-0.001375
7.8221180439	-0.001375
7.83199691772	-0.001375
7.84186601639	-0.001375
7.85172796249	-0.001375
7.86176013947	-0.001375
7.871737957	-0.00125
7.88161897659	-0.001375
7.89148211479	-0.001375
7.90135192871	-0.001375
7.91137814522	-0.001375
7.92147994041	-0.001375
7.9313890934	-0.001375
7.94133901596	-0.0015
7.95125699043	-0.001375
7.96127700806	-0.001375
7.97140598297	-0.001375
7.98134803772	-0.0015
7.99130392075	-0.001375
8.00124502182	-0.001375
