Time [s] 	 Voltage 	 Gain=4.096
0.0393900871277	0.070875
0.0492849349976	0.230375
0.0591449737549	0.365375
0.0691630840302	0.477875
0.0791409015656	0.542125
0.0890200138092	0.568125
0.098886013031	0.58175
0.108740091324	0.590625
0.11873292923	0.596625
0.128781080246	0.6015
0.138668060303	0.605125
0.148535013199	0.608
0.159729957581	0.610375
0.16980099678	0.612625
0.179798126221	0.614375
0.189675092697	0.61575
0.199538946152	0.616875
0.209398031235	0.618
0.219294071198	0.61875
0.229336023331	0.619625
0.239480018616	0.62025
0.249479055405	0.620875
0.259365081787	0.621375
0.269284963608	0.621875
0.279345035553	0.62225
0.289290904999	0.622625
0.299170970917	0.623
0.30904006958	0.62325
0.31890296936	0.6235
0.32892203331	0.62375
0.338882923126	0.623875
0.348776102066	0.624125
0.358633995056	0.62425
0.368489980698	0.624375
0.378500938416	0.6245
0.388459920883	0.624625
0.39834189415	0.624625
0.40820813179	0.62475
0.418085098267	0.624875
0.428112983704	0.625
0.438072919846	0.625
0.447951078415	0.625125
0.45781493187	0.625125
0.467670917511	0.62525
0.477687120438	0.62525
0.487649917603	0.62525
0.49752497673	0.62525
0.507404088974	0.625375
0.517280101776	0.62525
0.527348995209	0.6255
0.537437915802	0.625375
0.54768204689	0.625375
0.557662010193	0.625375
0.567529916763	0.6255
0.577554941177	0.6255
0.587512016296	0.6255
0.597412109375	0.6255
0.607304096222	0.6255
0.617166996002	0.625375
0.627202987671	0.625625
0.637169122696	0.6255
0.647040128708	0.625625
0.656902074814	0.625625
0.666767120361	0.625625
0.676783084869	0.625625
0.686751127243	0.625625
0.696624994278	0.625625
0.7064909935	0.625625
0.716354131699	0.6255
0.726310014725	0.625625
0.736329078674	0.625625
0.746217012405	0.625625
0.75616312027	0.6255
0.766117095947	0.625625
0.776129961014	0.625625
0.786260128021	0.625625
0.796215057373	0.6255
0.806157112122	0.625625
0.816060066223	0.625625
0.825971126556	0.625625
0.836084127426	0.625625
0.846436023712	0.625625
0.856513023376	0.625625
0.866415023804	0.625625
0.876338005066	0.625625
0.886377096176	0.625625
0.896337985992	0.625625
0.90620803833	0.625625
0.916150093079	0.625625
0.926054954529	0.625625
0.93613910675	0.625625
0.946178913116	0.625625
0.956125020981	0.625625
0.966028928757	0.625625
0.975938081741	0.6255
0.986025094986	0.625625
0.996048927307	0.625625
1.00598812103	0.625625
1.01585197449	0.625625
1.02571105957	0.625625
1.03574299812	0.625625
1.04570102692	0.625625
1.05557203293	0.625625
1.06543111801	0.625625
1.07528495789	0.625625
1.08537793159	0.625625
1.09540295601	0.625625
1.10532402992	0.625625
1.11519598961	0.625625
1.12512803078	0.625625
1.13527107239	0.625625
1.14554595947	0.62575
1.15580010414	0.62575
1.16578412056	0.62575
1.17565107346	0.625625
1.18574404716	0.62575
1.19571995735	0.625625
1.20560503006	0.625625
1.21554899216	0.625625
1.22545790672	0.62575
1.23549294472	0.625625
1.24553394318	0.625625
1.25546312332	0.625625
1.26533699036	0.625625
1.27519106865	0.625625
1.28521490097	0.625625
1.29518604279	0.625625
1.30516290665	0.62575
1.31502389908	0.62575
1.32492589951	0.62575
1.33497905731	0.625625
1.34509301186	0.62575
1.3549721241	0.625625
1.36489009857	0.62575
1.37474989891	0.625625
1.38473796844	0.62575
1.39475107193	0.625625
1.40462708473	0.625625
1.41448807716	0.625625
1.42434096336	0.625625
1.43422198296	0.62575
1.44436812401	0.62575
1.45458507538	0.625625
1.46462702751	0.62575
1.47450089455	0.625625
1.48443007469	0.625625
1.49452710152	0.625625
1.5044939518	0.625625
1.5143699646	0.62575
1.52424407005	0.625625
1.53417205811	0.625625
1.54416394234	0.62575
1.55419802666	0.625625
1.56409096718	0.625625
1.57396602631	0.625625
1.58386206627	0.625625
1.59387612343	0.625625
1.60382890701	0.625625
1.61369395256	0.625625
1.62354803085	0.62575
1.63340592384	0.625625
1.64344191551	0.625625
1.65338611603	0.625625
1.66325306892	0.625625
1.67310905457	0.625625
1.68296790123	0.625625
1.69296813011	0.625625
1.70292210579	0.625625
1.71279811859	0.625625
1.72266793251	0.625625
1.73253011703	0.62575
1.74256706238	0.625625
1.75263690948	0.62575
1.76286292076	0.62575
1.77285194397	0.625625
1.78271412849	0.625625
1.79272508621	0.625625
1.80267691612	0.62575
1.81253600121	0.625625
1.82238912582	0.62575
1.83224701881	0.625625
1.84226989746	0.625625
1.85222291946	0.62575
1.86208605766	0.625625
1.87193989754	0.625625
1.88179397583	0.625625
1.89179706573	0.62575
1.90174412727	0.625625
1.9116101265	0.62575
1.92148995399	0.625625
1.93134593964	0.625625
1.94128704071	0.625625
1.95129108429	0.62575
1.96117210388	0.625625
1.97102689743	0.625625
1.98088097572	0.625625
1.99079489708	0.62575
2.00084495544	0.625625
2.01077103615	0.62575
2.02063512802	0.625625
2.03059101105	0.625625
2.04047608376	0.625625
2.05052804947	0.625625
2.06082296371	0.62575
2.07102704048	0.62575
2.08097600937	0.625625
2.09089112282	0.62575
2.10090994835	0.62575
2.11086893082	0.625625
2.12073802948	0.625625
2.13059210777	0.625625
2.14044594765	0.625625
2.1504471302	0.62575
2.16039991379	0.625625
2.17026591301	0.62575
2.18012094498	0.62575
2.19002103806	0.625625
2.20007109642	0.625625
2.21003198624	0.62575
2.2199048996	0.62575
2.22976398468	0.625625
2.23962593079	0.625625
2.24962806702	0.625625
2.25958800316	0.625625
2.26944994926	0.62575
2.27930808067	0.625625
2.28916406631	0.62575
2.29917192459	0.625625
2.30913805962	0.625625
2.31903505325	0.625625
2.32889890671	0.625625
2.33879804611	0.625625
2.34881591797	0.62575
2.35880303383	0.625625
2.36901807785	0.625625
2.37899494171	0.625625
2.3888630867	0.62575
2.39887905121	0.62575
2.40883708	0.625625
2.41870999336	0.625625
2.42856693268	0.625625
2.43842792511	0.625625
2.44843506813	0.62575
2.45840096474	0.625625
2.46827411652	0.62575
2.4781639576	0.625625
2.48802089691	0.62575
2.49795603752	0.62575
2.50797891617	0.62575
2.51787900925	0.625625
2.52773594856	0.62575
2.53759098053	0.625625
2.54745697975	0.625625
2.55750608444	0.62575
2.56744503975	0.625625
2.57731604576	0.625625
2.5871720314	0.625625
2.59706997871	0.625625
2.60712003708	0.62575
2.61707901955	0.625625
2.62694907188	0.62575
2.63696599007	0.625625
2.64703011513	0.62575
2.65709805489	0.625625
2.66730594635	0.62575
2.67758607864	0.62575
2.68756103516	0.625625
2.6974709034	0.62575
2.70750904083	0.625625
2.71748709679	0.625625
2.72737312317	0.625625
2.73723697662	0.625625
2.74709296227	0.62575
2.75715494156	0.62575
2.76712703705	0.62575
2.77702212334	0.62575
2.78688597679	0.625625
2.79674601555	0.625625
2.8067688942	0.62575
2.81674098969	0.625625
2.8266119957	0.625625
2.83650112152	0.625625
2.84636712074	0.625625
2.85638689995	0.625625
2.86636900902	0.62575
2.87624311447	0.625625
2.88610696793	0.62575
2.89610910416	0.62575
2.906208992	0.625625
2.91616606712	0.62575
2.92609000206	0.625625
2.93599200249	0.625625
2.94586896896	0.62575
2.9558930397	0.625625
2.96585702896	0.625625
2.97611403465	0.625625
2.98613810539	0.62575
2.99605607986	0.625625
3.00615406036	0.625625
3.0161781311	0.625625
3.02611494064	0.62575
3.03605389595	0.625625
3.04595899582	0.62575
3.05606007576	0.625625
3.06608200073	0.62575
3.07600712776	0.62575
3.08588504791	0.625625
3.09574389458	0.625625
3.105686903	0.62575
3.11576008797	0.625625
3.12565612793	0.625625
3.13551807404	0.625625
3.14537096024	0.625625
3.15523195267	0.625625
3.16528892517	0.625625
3.17521309853	0.625625
3.18513894081	0.62575
3.19499707222	0.625625
3.20489501953	0.62575
3.21490502357	0.62575
3.2249341011	0.625625
3.23484897614	0.625625
3.24470806122	0.625625
3.25457000732	0.625625
3.26458597183	0.62575
3.27477502823	0.62575
3.28515696526	0.625625
3.29513812065	0.62575
3.30500102043	0.625625
3.31519508362	0.62575
3.3251619339	0.625625
3.33511805534	0.625625
3.34498000145	0.62575
3.35488605499	0.62575
3.36489701271	0.625625
3.3749229908	0.62575
3.38484501839	0.62575
3.39471292496	0.625625
3.40458011627	0.62575
3.41459703445	0.62575
3.4245569706	0.62575
3.4344189167	0.625625
3.44428396225	0.62575
3.45415902138	0.625625
3.46415710449	0.62575
3.47417402267	0.625625
3.48404312134	0.62575
3.49390101433	0.62575
3.50375390053	0.62575
3.51375007629	0.62575
3.5237019062	0.625625
3.5335650444	0.62575
3.5434191227	0.62575
3.55327510834	0.62575
3.56327295303	0.625625
3.57322311401	0.625625
3.58337497711	0.625625
3.59338903427	0.62575
3.60326290131	0.62575
3.61328196526	0.62575
3.6232380867	0.625625
3.6331050396	0.62575
3.64296603203	0.625625
3.65282893181	0.625625
3.66279101372	0.62575
3.68573689461	0.62575
3.69580507278	0.625625
3.70570898056	0.62575
3.71572899818	0.62575
3.72569489479	0.62575
3.7355659008	0.62575
3.745429039	0.62575
3.75528311729	0.62575
3.76529693604	0.625625
3.77525997162	0.62575
3.78513097763	0.625625
3.79498004913	0.625625
3.80491304398	0.62575
3.81493592262	0.62575
3.82502198219	0.625625
3.83495807648	0.62575
3.84485793114	0.625625
3.85472393036	0.62575
3.86463904381	0.62575
3.87471199036	0.625625
3.88492393494	0.62575
3.89512300491	0.625625
3.90500402451	0.62575
3.91500401497	0.625625
3.92513799667	0.62575
3.93512105942	0.62575
3.94498610497	0.62575
3.95490002632	0.62575
3.96480202675	0.62575
3.97482705116	0.62575
3.98478198051	0.625625
3.99464511871	0.625625
4.00449895859	0.62575
4.04342293739	0.61625
4.05328702927	0.613
4.06314396858	0.609625
4.073168993	0.606125
4.08314490318	0.60225
4.09301900864	0.59825
4.10287809372	0.593875
4.11275601387	0.589125
4.1227850914	0.584
4.13273596764	0.57825
4.14284491539	0.571625
4.15281295776	0.564
4.16268801689	0.555
4.17271494865	0.544375
4.18270802498	0.530875
4.19293808937	0.514625
4.2029209137	0.494375
4.21279501915	0.4725
4.22281098366	0.449375
4.23276305199	0.42575
4.24264907837	0.403
4.25250792503	0.3815
4.26236510277	0.36075
4.27236604691	0.3415
4.28232097626	0.322625
4.29218912125	0.305125
4.30204391479	0.288625
4.31189799309	0.273125
4.32190108299	0.25825
4.33185791969	0.24425
4.34172511101	0.230875
4.35158205032	0.218625
4.36150312424	0.20675
4.37151503563	0.19575
4.3815600872	0.184875
4.39144992828	0.174875
4.40130996704	0.165375
4.41117095947	0.15675
4.42108893394	0.14825
4.43113803864	0.140375
4.44107508659	0.132625
4.45094299316	0.12575
4.46080803871	0.118875
4.47067403793	0.11275
4.4806830883	0.106625
4.49091792107	0.101
4.50117611885	0.09525
4.51115989685	0.090125
4.52108597755	0.08525
4.53111290932	0.080875
4.54106402397	0.076375
4.55092811584	0.072375
4.56078600883	0.0685
4.57064604759	0.065
4.58065700531	0.0615
4.59060907364	0.05825
4.60047411919	0.05525
4.61033296585	0.0525
4.62023091316	0.0495
4.63024306297	0.047125
4.64019107819	0.0445
4.65005803108	0.04225
4.65991401672	0.04
4.66977095604	0.038
4.67980098724	0.036
4.68978500366	0.034125
4.69965410233	0.03225
4.70951104164	0.030625
4.7193748951	0.029
4.72944808006	0.027625
4.73941993713	0.026
4.74928593636	0.02475
4.7591509819	0.023375
4.76900601387	0.02225
4.77900004387	0.021
4.78894495964	0.020125
4.79908800125	0.019
4.80906891823	0.018
4.81894493103	0.017
4.82895994186	0.01625
4.83892011642	0.015375
4.84878993034	0.01475
4.85866498947	0.013875
4.86852312088	0.01325
4.87851595879	0.0125
4.88848590851	0.011875
4.8983669281	0.011125
4.90822505951	0.010625
4.91808891296	0.01025
4.92805099487	0.00975
4.93809199333	0.009125
4.94798994064	0.00875
4.95787405968	0.00825
4.96773791313	0.007875
4.97759795189	0.007375
4.98765206337	0.007
4.99760103226	0.00675
5.0074839592	0.006375
5.01734399796	0.006
5.02724909782	0.00575
5.03725910187	0.005375
5.04722309113	0.005125
5.05710101128	0.004875
5.06696605682	0.004625
5.07682800293	0.004375
5.08685612679	0.004125
5.09698796272	0.003875
5.10726189613	0.00375
5.11725592613	0.0035
5.12711906433	0.00325
5.13720107079	0.003
5.14716696739	0.003
5.15706300735	0.00275
5.16695404053	0.00275
5.17682695389	0.0025
5.18687796593	0.002375
5.19684791565	0.00225
5.20673012733	0.002125
5.21659398079	0.002
5.2264559269	0.001875
5.23648190498	0.00175
5.24645090103	0.00175
5.25632190704	0.0015
5.26619505882	0.0015
5.27618598938	0.001375
5.28627490997	0.001375
5.29624009132	0.00125
5.30612301826	0.001125
5.31604099274	0.001
5.32595705986	0.001
5.33606910706	0.001
5.34608912468	0.000875
5.35600090027	0.00075
5.36586499214	0.00075
5.37572693825	0.00075
5.38575005531	0.000625
5.39571595192	0.0005
5.40586304665	0.0005
5.41584706306	0.0005
5.4257209301	0.0005
5.43574309349	0.000375
5.44570112228	0.000375
5.45557999611	0.000375
5.46544408798	0.00025
5.47532701492	0.00025
5.48526000977	0.00025
5.4953019619	0.00025
5.50519108772	0.000125
5.51512002945	0.000125
5.52497911453	0.0
5.53495001793	0.000125
5.5451169014	0.0
5.55509090424	0.0
5.5649600029	-0.000125
5.574862957	0.0
5.58472299576	-0.000125
5.59473800659	-0.000125
5.6046860218	-0.000125
5.61455893517	-0.000125
5.62441706657	-0.00025
5.63427400589	-0.000125
5.6444170475	-0.00025
5.65441393852	-0.00025
5.66429901123	-0.00025
5.67417311668	-0.00025
5.68403911591	-0.00025
5.69408011436	-0.00025
5.70420908928	-0.000375
5.71453809738	-0.000375
5.72454190254	-0.000375
5.73442792892	-0.000375
5.74451494217	-0.0005
5.75448799133	-0.000375
5.76435709	-0.0005
5.77421307564	-0.000375
5.7840731144	-0.0005
5.79407811165	-0.000375
5.80403709412	-0.0005
5.81390404701	-0.000375
5.82376003265	-0.0005
5.83361411095	-0.0005
5.84362506866	-0.000625
5.85358190536	-0.0005
5.86345100403	-0.000625
5.87330889702	-0.0005
5.88316893578	-0.000625
5.89316010475	-0.000625
5.90310811996	-0.000625
5.91297292709	-0.000625
5.92283010483	-0.000625
5.9326839447	-0.000625
5.94268608093	-0.000625
5.95264792442	-0.0005
5.96252202988	-0.00075
5.97238111496	-0.000625
5.98224210739	-0.00075
5.99223399162	-0.000625
6.00217795372	-0.00075
6.01244902611	-0.000625
6.02248311043	-0.00075
6.03238797188	-0.000625
6.0424349308	-0.00075
6.05241012573	-0.00075
6.06228399277	-0.00075
6.07214212418	-0.000625
6.08199906349	-0.00075
6.09208011627	-0.00075
6.10207509995	-0.000875
6.11195993423	-0.00075
6.12182211876	-0.000875
6.131690979	-0.00075
6.14164495468	-0.000875
6.15177106857	-0.00075
6.16167593002	-0.000875
6.17153811455	-0.00075
6.1813929081	-0.000875
6.19124913216	-0.00075
6.20134711266	-0.000875
6.21129202843	-0.000875
6.22115492821	-0.000875
6.23101496696	-0.00075
6.24091696739	-0.000875
6.25098705292	-0.000875
6.26095700264	-0.000875
6.27083897591	-0.000875
6.28069806099	-0.000875
6.29055595398	-0.000875
6.30055499077	-0.000875
6.31061196327	-0.00075
6.3208489418	-0.001
6.33084702492	-0.000875
6.34071612358	-0.001
6.35078597069	-0.000875
6.36075091362	-0.001
6.37062096596	-0.000875
6.38048005104	-0.001
6.39033794403	-0.000875
6.40034389496	-0.001
6.41030192375	-0.000875
6.42016601562	-0.001
6.43002510071	-0.000875
6.43988394737	-0.001
6.4499130249	-0.000875
6.45987606049	-0.001
6.46974110603	-0.000875
6.4796090126	-0.001
6.48946595192	-0.000875
6.49947690964	-0.001
6.50943803787	-0.001
6.51931810379	-0.001
6.52917599678	-0.001
6.53904509544	-0.001
6.54913806915	-0.000875
6.55912995338	-0.001
6.56900000572	-0.001
6.57886600494	-0.001125
6.58872389793	-0.001
6.59879899025	-0.001
6.60878205299	-0.001
6.61924409866	-0.001125
6.62955093384	-0.001
6.63956594467	-0.001
6.64961004257	-0.000875
6.65962696075	-0.001125
6.66950511932	-0.001
6.67937302589	-0.001
6.68923306465	-0.001
6.69927000999	-0.001125
6.70927190781	-0.001
6.71915507317	-0.001
6.72902011871	-0.001
6.73888707161	-0.001125
6.74887990952	-0.001
6.75890207291	-0.001
6.76880407333	-0.001
6.77868509293	-0.001125
6.78854703903	-0.001
6.79845094681	-0.001125
6.80857205391	-0.001125
6.81850099564	-0.001125
6.82838201523	-0.001
6.83826303482	-0.001125
6.84818601608	-0.001125
6.85825610161	-0.001125
6.868227005	-0.001
6.87810707092	-0.001125
6.88797712326	-0.001125
6.89784693718	-0.001125
6.90790200233	-0.001
6.91794800758	-0.001125
6.92823910713	-0.001125
6.93823695183	-0.001125
6.94817709923	-0.001
6.95824098587	-0.001125
6.96821212769	-0.001125
6.97809004784	-0.001125
6.98795700073	-0.001125
6.9978249073	-0.001125
7.00787496567	-0.001125
7.01783895493	-0.001125
7.02773308754	-0.001125
7.03759908676	-0.001125
7.04748702049	-0.001125
7.05753898621	-0.001125
7.06753206253	-0.001125
7.07741093636	-0.001125
7.08728003502	-0.001125
7.09714007378	-0.001125
7.1071600914	-0.001125
7.1171309948	-0.00125
7.12700390816	-0.001125
7.13688611984	-0.001125
7.14702796936	-0.001125
7.15715312958	-0.00125
7.16711711884	-0.00125
7.17698907852	-0.001125
7.18684411049	-0.001125
7.19670605659	-0.00125
7.20674300194	-0.001125
7.21674394608	-0.00125
7.22838401794	-0.001125
7.23842906952	-0.001125
7.24835109711	-0.00125
7.2583899498	-0.001125
7.26837897301	-0.001125
7.27826094627	-0.00125
7.28812909126	-0.00125
7.29799604416	-0.001125
7.30801796913	-0.001125
7.3180000782	-0.00125
7.32790803909	-0.00125
7.33777499199	-0.00125
7.34766507149	-0.001125
7.35770511627	-0.00125
7.36773991585	-0.001125
7.37765407562	-0.00125
7.38758206367	-0.00125
7.39746212959	-0.00125
7.40755796432	-0.001125
7.4175350666	-0.00125
7.42745900154	-0.00125
7.43733096123	-0.00125
7.44719004631	-0.001125
7.45724010468	-0.00125
7.4673140049	-0.001125
7.47721290588	-0.00125
7.48708200455	-0.001125
7.49694609642	-0.001125
7.50683498383	-0.00125
7.5169069767	-0.00125
7.52699804306	-0.00125
7.53730392456	-0.00125
7.54732012749	-0.001125
7.55838990211	-0.00125
7.56854295731	-0.00125
7.5784471035	-0.00125
7.58832502365	-0.001125
7.59819507599	-0.00125
7.60807394981	-0.00125
7.6181499958	-0.00125
7.62808895111	-0.00125
7.63796496391	-0.00125
7.64784312248	-0.00125
7.65775489807	-0.00125
7.66782903671	-0.00125
7.6778049469	-0.00125
7.68769311905	-0.00125
7.69756698608	-0.00125
7.70744991302	-0.001125
7.71747899055	-0.00125
7.7274620533	-0.00125
7.73733401299	-0.00125
7.74720191956	-0.00125
7.75711393356	-0.00125
7.76718211174	-0.00125
7.77716803551	-0.00125
7.78705000877	-0.00125
7.79692196846	-0.00125
7.80681610107	-0.00125
7.81686592102	-0.00125
7.82683706284	-0.00125
7.83703804016	-0.00125
7.84704995155	-0.00125
7.85693597794	-0.00125
7.86704397202	-0.00125
7.87703108788	-0.00125
7.88690900803	-0.00125
7.89679193497	-0.001125
7.90667700768	-0.00125
7.91668391228	-0.00125
7.92665410042	-0.00125
7.93654799461	-0.00125
7.94642710686	-0.001375
7.95631790161	-0.00125
7.96635103226	-0.00125
7.97635912895	-0.001375
7.98623800278	-0.001375
7.99610996246	-0.00125
8.00605010986	-0.00125
