
raw_voltage_data
-0.00225 -0.00225 0.004625 0.29025 0.35025 0.3865 0.412 0.43275 0.4505 0.466625 0.480625 0.493 0.503875 0.513625 0.522 0.529125 0.535375 0.541125 0.546 0.55025 0.554125 0.55775 0.560875 0.56375 0.566375 0.568875 0.571125 0.573125 0.575125 0.576875 0.578625 0.580125 0.581625 0.583125 0.584375 0.585625 0.586875 0.588 0.589125 0.590125 0.591125 0.592125 0.593 0.593875 0.594625 0.5955 0.596375 0.597125 0.597875 0.598625 0.5995 0.600125 0.600875 0.601625 0.60225 0.602875 0.6035 0.604125 0.60475 0.605375 0.606 0.606625 0.607125 0.60775 0.60825 0.608875 0.609375 0.609875 0.610375 0.610875 0.611375 0.61175 0.61225 0.61275 0.613125 0.613625 0.614 0.614375 0.614875 0.61525 0.615625 0.616 0.616375 0.61675 0.617125 0.6175 0.61775 0.618125 0.6185 0.61875 0.619125 0.619375 0.619625 0.62 0.62025 0.620625 0.620875 0.621125 0.621375 0.621625 0.621875 0.622125 0.622375 0.622625 0.622875 0.623125 0.623375 0.6235 0.62375 0.624 0.62425 0.624375 0.624625 0.624875 0.625 0.62525 0.6255 0.625625 0.625875 0.626125 0.626125 0.626125 0.626125 0.626125 0.626125 0.626 0.626 0.626 
-0.001875 -0.002 0.0045 0.2885 0.349 0.38525 0.41075 0.4315 0.44925 0.46525 0.479125 0.491375 0.50225 0.511875 0.52 0.527125 0.533375 0.539 0.543875 0.548125 0.552 0.5555 0.558625 0.5615 0.564125 0.566625 0.568875 0.570875 0.572875 0.57475 0.576375 0.577875 0.579375 0.580875 0.58225 0.5835 0.584625 0.585875 0.586875 0.588 0.589 0.59 0.590875 0.591875 0.592625 0.5935 0.594375 0.595125 0.596 0.59675 0.5975 0.59825 0.599 0.599625 0.600375 0.601 0.60175 0.602375 0.603 0.603625 0.60425 0.604875 0.6055 0.606 0.606625 0.607125 0.60775 0.60825 0.60875 0.60925 0.60975 0.61025 0.61075 0.61125 0.611625 0.612125 0.612625 0.613 0.613375 0.61375 0.61425 0.614625 0.615 0.615375 0.61575 0.616125 0.6165 0.61675 0.617125 0.6175 0.61775 0.618125 0.618375 0.61875 0.619 0.619375 0.619625 0.619875 0.62025 0.6205 0.62075 0.621 0.62125 0.6215 0.62175 0.622 0.62225 0.6225 0.62275 0.623 0.623125 0.623375 0.623625 0.623875 0.624125 0.62425 0.6245 0.62475 0.625 0.62525 0.62525 0.62525 0.62525 0.62525 0.62525 0.625125 0.625125 0.625125 
-0.001875 -0.002 0.004375 0.28775 0.3485 0.38475 0.41025 0.431125 0.44875 0.464875 0.478625 0.490875 0.501625 0.511375 0.5195 0.526625 0.532875 0.5385 0.54325 0.5475 0.551375 0.555 0.558125 0.561 0.563625 0.566 0.56825 0.570375 0.57225 0.574125 0.575875 0.577375 0.578875 0.580375 0.581625 0.582875 0.584125 0.585375 0.5865 0.5875 0.5885 0.5895 0.590375 0.591375 0.59225 0.593 0.593875 0.59475 0.5955 0.59625 0.597 0.59775 0.5985 0.59925 0.599875 0.600625 0.60125 0.602 0.602625 0.60325 0.603875 0.6045 0.605125 0.605625 0.60625 0.606875 0.607375 0.607875 0.608375 0.608875 0.609375 0.609875 0.610375 0.610875 0.611375 0.61175 0.61225 0.612625 0.613125 0.6135 0.613875 0.61425 0.61475 0.615125 0.6155 0.615875 0.616125 0.6165 0.616875 0.61725 0.6175 0.617875 0.618125 0.6185 0.61875 0.619125 0.619375 0.61975 0.62 0.62025 0.6205 0.62075 0.621 0.62125 0.6215 0.62175 0.622 0.62225 0.6225 0.62275 0.623 0.623125 0.623375 0.623625 0.623875 0.624125 0.62425 0.6245 0.62475 0.625125 0.625125 0.625125 0.625 0.625 0.625 0.625 0.625 0.625 

raw_ground_pin_data
-45.0 -45.0 -45.0 -41.0 -40.0 -39.0 -39.0 -38.0 -38.0 -37.0 -37.0 -37.0 -37.0 -36.0 -36.0 -36.0 -36.0 -35.0 -35.0 -35.0 -34.0 -34.0 -34.0 -34.0 -33.0 -33.0 -32.0 -32.0 -32.0 -32.0 -32.0 -32.0 -31.0 -31.0 -31.0 -31.0 -30.0 -30.0 -30.0 -30.0 -29.0 -29.0 -29.0 -29.0 -29.0 -29.0 -28.0 -28.0 -28.0 -28.0 -28.0 -27.0 -27.0 -27.0 -26.0 -26.0 -26.0 -26.0 -26.0 -26.0 -25.0 -25.0 -25.0 -25.0 -25.0 -24.0 -24.0 -24.0 -24.0 -24.0 -23.0 -23.0 -23.0 -23.0 -22.0 -22.0 -22.0 -22.0 -22.0 -21.0 -21.0 -21.0 -21.0 -20.0 -20.0 -20.0 -20.0 -20.0 -19.0 -19.0 -19.0 -19.0 -19.0 -18.0 -18.0 -18.0 -18.0 -18.0 -18.0 -17.0 -17.0 -17.0 -17.0 -17.0 -17.0 -16.0 -16.0 -16.0 -16.0 -16.0 -16.0 -15.0 -15.0 -15.0 -15.0 -15.0 -14.0 -14.0 -14.0 -14.0 -14.0 -14.0 -14.0 -13.0 -13.0 -13.0 -13.0 -13.0 
-45.0 -45.0 -45.0 -41.0 -39.0 -39.0 -39.0 -38.0 -38.0 -37.0 -37.0 -37.0 -37.0 -36.0 -36.0 -36.0 -35.0 -35.0 -35.0 -35.0 -34.0 -34.0 -34.0 -33.0 -33.0 -33.0 -33.0 -32.0 -32.0 -32.0 -32.0 -31.0 -31.0 -31.0 -31.0 -31.0 -30.0 -30.0 -30.0 -30.0 -30.0 -29.0 -29.0 -29.0 -29.0 -28.0 -28.0 -28.0 -28.0 -28.0 -27.0 -27.0 -27.0 -27.0 -26.0 -26.0 -26.0 -26.0 -25.0 -25.0 -25.0 -25.0 -25.0 -25.0 -24.0 -24.0 -24.0 -24.0 -23.0 -23.0 -23.0 -23.0 -23.0 -22.0 -22.0 -22.0 -22.0 -22.0 -21.0 -21.0 -21.0 -21.0 -21.0 -20.0 -20.0 -20.0 -20.0 -20.0 -19.0 -19.0 -19.0 -19.0 -19.0 -19.0 -18.0 -18.0 -18.0 -18.0 -18.0 -17.0 -17.0 -17.0 -17.0 -17.0 -16.0 -16.0 -16.0 -16.0 -16.0 -16.0 -16.0 -15.0 -15.0 -15.0 -15.0 -14.0 -14.0 -14.0 -14.0 -14.0 -14.0 -14.0 -14.0 -13.0 -13.0 -13.0 -13.0 -13.0 
-45.0 -45.0 -45.0 -41.0 -40.0 -39.0 -38.0 -38.0 -38.0 -37.0 -37.0 -37.0 -36.0 -36.0 -36.0 -36.0 -35.0 -35.0 -35.0 -34.0 -34.0 -34.0 -34.0 -33.0 -33.0 -33.0 -33.0 -32.0 -32.0 -32.0 -32.0 -31.0 -31.0 -31.0 -31.0 -31.0 -31.0 -30.0 -30.0 -30.0 -29.0 -29.0 -29.0 -29.0 -29.0 -28.0 -28.0 -28.0 -28.0 -28.0 -27.0 -27.0 -27.0 -27.0 -26.0 -26.0 -26.0 -26.0 -26.0 -25.0 -25.0 -25.0 -25.0 -24.0 -24.0 -24.0 -24.0 -24.0 -23.0 -23.0 -23.0 -23.0 -23.0 -22.0 -22.0 -22.0 -22.0 -22.0 -21.0 -21.0 -21.0 -21.0 -21.0 -20.0 -20.0 -20.0 -20.0 -20.0 -19.0 -19.0 -19.0 -19.0 -19.0 -18.0 -18.0 -18.0 -18.0 -18.0 -18.0 -17.0 -17.0 -17.0 -17.0 -17.0 -16.0 -16.0 -16.0 -16.0 -16.0 -16.0 -15.0 -15.0 -15.0 -15.0 -15.0 -14.0 -14.0 -14.0 -14.0 -14.0 -14.0 -14.0 -13.0 -13.0 -13.0 -13.0 -13.0 -13.0 

raw_ref_voltage_data
16407.0 16407.0 16407.0 16407.0 16407.0 16407.0 16407.0 16407.0 16407.0 16407.0 16407.0 16407.0 16407.0 16407.0 16407.0 16407.0 16407.0 16407.0 16407.0 16407.0 16407.0 16407.0 16407.0 16407.0 16407.0 16407.0 16407.0 16407.0 16407.0 16407.0 16407.0 16407.0 16407.0 16407.0 16407.0 16407.0 16407.0 16407.0 16407.0 16407.0 16407.0 16407.0 16407.0 16407.0 16407.0 16407.0 16407.0 16407.0 16407.0 16407.0 16407.0 16407.0 16407.0 16407.0 16407.0 16407.0 16407.0 16407.0 16407.0 16407.0 16407.0 16407.0 16407.0 16407.0 16407.0 16407.0 16407.0 16407.0 16407.0 16407.0 16407.0 16407.0 16407.0 16407.0 16407.0 16407.0 16407.0 16407.0 16407.0 16407.0 16407.0 16407.0 16407.0 16407.0 16407.0 16407.0 16407.0 16407.0 16407.0 16407.0 16407.0 16407.0 16407.0 16407.0 16407.0 16407.0 16407.0 16407.0 16407.0 16407.0 16407.0 16407.0 16407.0 16407.0 16407.0 16407.0 16407.0 16407.0 16407.0 16407.0 16407.0 16407.0 16407.0 16407.0 16407.0 16407.0 16407.0 16407.0 16407.0 16407.0 16407.0 16407.0 16407.0 16407.0 16407.0 16407.0 16407.0 16407.0 
16407.0 16407.0 16407.0 16407.0 16407.0 16407.0 16407.0 16407.0 16407.0 16407.0 16407.0 16407.0 16407.0 16407.0 16407.0 16407.0 16407.0 16407.0 16407.0 16407.0 16407.0 16407.0 16407.0 16407.0 16407.0 16407.0 16407.0 16407.0 16407.0 16407.0 16407.0 16407.0 16407.0 16407.0 16407.0 16407.0 16407.0 16407.0 16407.0 16407.0 16407.0 16407.0 16407.0 16407.0 16407.0 16407.0 16407.0 16407.0 16407.0 16407.0 16407.0 16407.0 16407.0 16407.0 16407.0 16407.0 16407.0 16407.0 16407.0 16407.0 16407.0 16407.0 16407.0 16407.0 16407.0 16407.0 16407.0 16407.0 16407.0 16407.0 16407.0 16407.0 16407.0 16407.0 16407.0 16407.0 16407.0 16407.0 16407.0 16407.0 16407.0 16407.0 16407.0 16407.0 16407.0 16407.0 16407.0 16407.0 16407.0 16407.0 16407.0 16407.0 16407.0 16407.0 16407.0 16407.0 16407.0 16407.0 16407.0 16407.0 16407.0 16407.0 16407.0 16407.0 16407.0 16407.0 16407.0 16407.0 16407.0 16407.0 16407.0 16407.0 16407.0 16407.0 16407.0 16407.0 16407.0 16407.0 16407.0 16407.0 16407.0 16407.0 16407.0 16407.0 16407.0 16407.0 16407.0 16407.0 
16407.0 16407.0 16407.0 16407.0 16407.0 16407.0 16407.0 16407.0 16407.0 16407.0 16407.0 16407.0 16407.0 16407.0 16407.0 16407.0 16407.0 16407.0 16407.0 16407.0 16407.0 16407.0 16407.0 16407.0 16407.0 16407.0 16407.0 16407.0 16407.0 16407.0 16407.0 16407.0 16407.0 16407.0 16407.0 16407.0 16407.0 16407.0 16407.0 16407.0 16407.0 16407.0 16407.0 16407.0 16407.0 16407.0 16407.0 16407.0 16407.0 16407.0 16407.0 16407.0 16407.0 16407.0 16407.0 16407.0 16407.0 16407.0 16407.0 16407.0 16407.0 16407.0 16407.0 16407.0 16407.0 16407.0 16407.0 16407.0 16407.0 16407.0 16407.0 16407.0 16407.0 16407.0 16407.0 16407.0 16407.0 16407.0 16407.0 16407.0 16407.0 16407.0 16407.0 16407.0 16407.0 16407.0 16407.0 16407.0 16407.0 16407.0 16407.0 16407.0 16407.0 16407.0 16407.0 16407.0 16407.0 16407.0 16407.0 16407.0 16407.0 16407.0 16407.0 16407.0 16407.0 16407.0 16407.0 16407.0 16407.0 16407.0 16407.0 16407.0 16407.0 16407.0 16407.0 16407.0 16407.0 16407.0 16407.0 16407.0 16407.0 16407.0 16407.0 16407.0 16407.0 16407.0 16407.0 16407.0 
