
raw_voltage_data
-0.003 -0.003125 -0.003125 -0.003125 -0.003125 -0.003125 -0.003125 -0.003125 -0.003125 -0.001875 0.010625 0.05025 0.1265 0.218125 0.261375 0.291875 0.32325 0.3585 0.3915 0.421375 0.446625 0.46775 0.4845 0.49875 0.51075 0.52125 0.53 0.537375 0.54375 0.549625 0.5545 0.55875 0.562625 0.566125 0.56925 0.572125 0.574625 0.577125 0.57925 0.58125 0.583125 0.585 0.586625 0.58825 0.589625 0.591125 0.592375 0.593625 0.594875 0.596 0.597125 0.598125 0.599125 0.6 0.601 0.601875 0.60275 0.6035 0.604375 0.605 0.60575 0.6065 0.60725 0.607875 0.6085 0.609125 0.609875 0.6105 0.611125 0.611625 0.612125 0.612875 0.613375 0.613875 0.6145 0.615 0.6155 0.616125 0.616625 0.617125 0.617625 0.618125 0.618625 0.619 0.6195 0.619875 0.620375 0.62075 0.62125 0.6215 0.622 0.622375 0.62275 0.623125 0.6235 0.62375 0.624125 0.6245 0.62475 0.625125 0.6255 0.62575 0.626125 0.626375 0.626625 0.627 0.62725 0.627625 0.62775 0.628125 0.628375 0.628625 0.628875 0.62925 0.6295 0.62975 0.63 0.63025 0.6305 0.63075 0.631125 0.631875 0.632375 0.632375 0.63225 0.632375 0.63225 0.63225 
-0.002875 -0.003 -0.003 -0.003125 -0.003125 -0.003125 -0.003125 -0.003125 -0.003 -0.002 0.00875 0.045375 0.117625 0.210875 0.256625 0.287375 0.318125 0.353375 0.386625 0.416875 0.442625 0.46425 0.481375 0.49575 0.508 0.518625 0.5275 0.535 0.5415 0.547375 0.55225 0.556625 0.5605 0.564125 0.567125 0.57 0.5725 0.575 0.57725 0.579375 0.58125 0.583125 0.58475 0.58625 0.58775 0.58925 0.590625 0.591875 0.593 0.594125 0.595375 0.596375 0.597375 0.598375 0.59925 0.600125 0.601 0.601875 0.602625 0.603375 0.604125 0.604875 0.605625 0.606375 0.607 0.607625 0.608375 0.608875 0.6095 0.610125 0.61075 0.611375 0.612 0.6125 0.613125 0.613625 0.61425 0.61475 0.615375 0.615875 0.616375 0.61675 0.61725 0.61775 0.61825 0.618625 0.619125 0.619625 0.62 0.6205 0.62075 0.62125 0.621625 0.622 0.622375 0.622625 0.623 0.623375 0.62375 0.624 0.624375 0.62475 0.625 0.625375 0.625625 0.626 0.62625 0.626625 0.626875 0.627125 0.6275 0.62775 0.627875 0.62825 0.6285 0.62875 0.629 0.62925 0.629625 0.629875 0.63025 0.631 0.6315 0.6315 0.631375 0.631375 0.631375 0.6315 
-0.002875 -0.003 -0.003125 -0.003125 -0.003125 -0.003125 -0.003125 -0.003 -0.003125 -0.002125 0.00825 0.0435 0.11425 0.208125 0.255 0.28575 0.316375 0.351625 0.384875 0.415375 0.441375 0.463125 0.4805 0.494875 0.507125 0.517875 0.52675 0.53425 0.540875 0.546625 0.551625 0.556 0.55975 0.563375 0.5665 0.569375 0.572 0.5745 0.57675 0.57875 0.580625 0.5825 0.58425 0.58575 0.58725 0.58875 0.590125 0.59125 0.5925 0.593625 0.594875 0.595875 0.596875 0.597875 0.59875 0.59975 0.6005 0.601375 0.60225 0.603 0.60375 0.6045 0.60525 0.605875 0.6065 0.60725 0.607875 0.6085 0.609125 0.60975 0.610375 0.610875 0.6115 0.612 0.612625 0.613125 0.61375 0.614375 0.61475 0.615375 0.615875 0.61625 0.61675 0.61725 0.61775 0.618125 0.618625 0.619125 0.6195 0.619875 0.62025 0.62075 0.621125 0.6215 0.621875 0.62225 0.622625 0.623 0.62325 0.623625 0.624 0.624375 0.624625 0.625 0.625125 0.6255 0.625875 0.626125 0.6265 0.62675 0.627 0.62725 0.627625 0.627875 0.628125 0.628375 0.62875 0.629 0.62925 0.6295 0.62975 0.630625 0.631125 0.631125 0.631 0.631125 0.631 0.631 

raw_ground_pin_data
-53.0 -53.0 -53.0 -52.0 -53.0 -52.0 -52.0 -52.0 -52.0 -52.0 -52.0 -51.0 -50.0 -48.0 -47.0 -46.0 -46.0 -45.0 -45.0 -44.0 -43.0 -43.0 -43.0 -42.0 -42.0 -41.0 -41.0 -41.0 -40.0 -40.0 -40.0 -39.0 -39.0 -39.0 -38.0 -38.0 -38.0 -38.0 -37.0 -37.0 -36.0 -36.0 -36.0 -36.0 -35.0 -35.0 -35.0 -34.0 -34.0 -34.0 -33.0 -33.0 -33.0 -33.0 -32.0 -32.0 -32.0 -32.0 -32.0 -32.0 -30.0 -31.0 -31.0 -30.0 -30.0 -30.0 -29.0 -29.0 -29.0 -29.0 -28.0 -28.0 -28.0 -28.0 -27.0 -27.0 -27.0 -26.0 -26.0 -26.0 -25.0 -26.0 -25.0 -25.0 -25.0 -25.0 -24.0 -24.0 -24.0 -24.0 -24.0 -23.0 -22.0 -22.0 -22.0 -22.0 -21.0 -21.0 -21.0 -21.0 -21.0 -20.0 -20.0 -21.0 -20.0 -19.0 -19.0 -19.0 -19.0 -19.0 -19.0 -18.0 -18.0 -18.0 -17.0 -18.0 -17.0 -17.0 -17.0 -16.0 -16.0 -15.0 -15.0 -15.0 -15.0 -15.0 -15.0 -15.0 
-53.0 -53.0 -53.0 -53.0 -52.0 -52.0 -52.0 -52.0 -52.0 -52.0 -52.0 -51.0 -50.0 -48.0 -47.0 -46.0 -46.0 -45.0 -45.0 -44.0 -44.0 -43.0 -43.0 -42.0 -42.0 -41.0 -41.0 -41.0 -41.0 -40.0 -40.0 -39.0 -39.0 -39.0 -38.0 -38.0 -38.0 -38.0 -37.0 -37.0 -37.0 -36.0 -36.0 -36.0 -35.0 -35.0 -35.0 -34.0 -34.0 -34.0 -34.0 -34.0 -33.0 -33.0 -33.0 -32.0 -32.0 -32.0 -32.0 -31.0 -31.0 -31.0 -30.0 -30.0 -30.0 -30.0 -29.0 -29.0 -29.0 -29.0 -28.0 -28.0 -28.0 -28.0 -27.0 -27.0 -27.0 -27.0 -26.0 -26.0 -26.0 -26.0 -26.0 -25.0 -25.0 -24.0 -24.0 -24.0 -24.0 -24.0 -23.0 -23.0 -23.0 -22.0 -23.0 -22.0 -22.0 -22.0 -21.0 -21.0 -21.0 -21.0 -20.0 -20.0 -20.0 -20.0 -19.0 -19.0 -19.0 -19.0 -18.0 -18.0 -18.0 -18.0 -18.0 -17.0 -17.0 -17.0 -16.0 -17.0 -16.0 -16.0 -15.0 -15.0 -15.0 -15.0 -15.0 -15.0 
-53.0 -53.0 -52.0 -53.0 -52.0 -52.0 -52.0 -52.0 -52.0 -52.0 -52.0 -51.0 -50.0 -48.0 -47.0 -47.0 -46.0 -45.0 -45.0 -44.0 -44.0 -43.0 -43.0 -42.0 -41.0 -41.0 -41.0 -40.0 -40.0 -40.0 -39.0 -39.0 -39.0 -39.0 -38.0 -38.0 -38.0 -37.0 -37.0 -37.0 -36.0 -36.0 -36.0 -35.0 -35.0 -35.0 -35.0 -35.0 -34.0 -34.0 -34.0 -33.0 -33.0 -33.0 -33.0 -32.0 -32.0 -32.0 -32.0 -32.0 -31.0 -31.0 -31.0 -31.0 -30.0 -30.0 -30.0 -29.0 -29.0 -29.0 -29.0 -29.0 -29.0 -28.0 -28.0 -28.0 -27.0 -27.0 -27.0 -27.0 -26.0 -26.0 -26.0 -26.0 -25.0 -25.0 -25.0 -25.0 -25.0 -25.0 -24.0 -24.0 -24.0 -23.0 -24.0 -23.0 -23.0 -23.0 -22.0 -22.0 -22.0 -22.0 -21.0 -21.0 -21.0 -21.0 -20.0 -20.0 -20.0 -20.0 -20.0 -19.0 -19.0 -19.0 -19.0 -19.0 -18.0 -18.0 -18.0 -17.0 -17.0 -17.0 -17.0 -16.0 -16.0 -16.0 -16.0 -16.0 

raw_ref_voltage_data
16403.0 16403.0 16403.0 16403.0 16403.0 16403.0 16403.0 16403.0 16403.0 16403.0 16403.0 16403.0 16403.0 16403.0 16403.0 16403.0 16403.0 16403.0 16403.0 16403.0 16403.0 16403.0 16403.0 16403.0 16403.0 16402.0 16403.0 16403.0 16403.0 16403.0 16403.0 16403.0 16403.0 16403.0 16403.0 16403.0 16403.0 16403.0 16403.0 16403.0 16403.0 16403.0 16403.0 16403.0 16403.0 16403.0 16403.0 16402.0 16403.0 16403.0 16403.0 16403.0 16403.0 16403.0 16403.0 16403.0 16403.0 16403.0 16403.0 16403.0 16403.0 16403.0 16403.0 16403.0 16403.0 16403.0 16403.0 16403.0 16403.0 16403.0 16403.0 16403.0 16403.0 16403.0 16403.0 16403.0 16403.0 16403.0 16403.0 16403.0 16403.0 16403.0 16403.0 16403.0 16403.0 16403.0 16403.0 16403.0 16403.0 16402.0 16403.0 16403.0 16403.0 16403.0 16403.0 16403.0 16403.0 16403.0 16403.0 16403.0 16403.0 16403.0 16403.0 16403.0 16403.0 16403.0 16403.0 16403.0 16403.0 16403.0 16403.0 16403.0 16402.0 16402.0 16403.0 16403.0 16403.0 16403.0 16403.0 16403.0 16403.0 16403.0 16403.0 16403.0 16403.0 16403.0 16403.0 16403.0 
16403.0 16403.0 16403.0 16403.0 16403.0 16403.0 16403.0 16403.0 16403.0 16403.0 16403.0 16403.0 16403.0 16403.0 16403.0 16403.0 16403.0 16403.0 16403.0 16403.0 16403.0 16403.0 16403.0 16403.0 16403.0 16403.0 16403.0 16403.0 16403.0 16403.0 16403.0 16403.0 16403.0 16403.0 16403.0 16403.0 16403.0 16403.0 16403.0 16403.0 16403.0 16403.0 16403.0 16403.0 16403.0 16403.0 16403.0 16403.0 16403.0 16403.0 16402.0 16403.0 16403.0 16403.0 16403.0 16403.0 16403.0 16403.0 16403.0 16403.0 16403.0 16403.0 16403.0 16403.0 16403.0 16403.0 16403.0 16403.0 16403.0 16403.0 16403.0 16403.0 16403.0 16403.0 16403.0 16403.0 16403.0 16403.0 16403.0 16403.0 16403.0 16403.0 16403.0 16403.0 16403.0 16403.0 16403.0 16403.0 16403.0 16403.0 16403.0 16403.0 16403.0 16403.0 16403.0 16402.0 16403.0 16403.0 16403.0 16403.0 16403.0 16403.0 16403.0 16403.0 16403.0 16403.0 16403.0 16403.0 16403.0 16403.0 16403.0 16403.0 16403.0 16403.0 16403.0 16403.0 16403.0 16403.0 16403.0 16403.0 16403.0 16403.0 16403.0 16403.0 16403.0 16403.0 16403.0 16403.0 
16403.0 16403.0 16403.0 16403.0 16403.0 16403.0 16403.0 16403.0 16403.0 16403.0 16403.0 16403.0 16403.0 16403.0 16403.0 16403.0 16403.0 16403.0 16403.0 16403.0 16403.0 16403.0 16403.0 16403.0 16403.0 16403.0 16403.0 16403.0 16403.0 16403.0 16403.0 16403.0 16403.0 16403.0 16403.0 16403.0 16403.0 16403.0 16403.0 16403.0 16403.0 16403.0 16403.0 16403.0 16403.0 16403.0 16403.0 16403.0 16403.0 16403.0 16403.0 16403.0 16403.0 16403.0 16403.0 16403.0 16403.0 16403.0 16403.0 16403.0 16403.0 16403.0 16403.0 16403.0 16403.0 16403.0 16403.0 16403.0 16403.0 16403.0 16403.0 16403.0 16403.0 16403.0 16403.0 16403.0 16403.0 16403.0 16403.0 16403.0 16403.0 16403.0 16403.0 16403.0 16403.0 16403.0 16403.0 16403.0 16403.0 16403.0 16403.0 16403.0 16403.0 16403.0 16403.0 16403.0 16403.0 16403.0 16403.0 16403.0 16403.0 16403.0 16403.0 16403.0 16403.0 16403.0 16403.0 16403.0 16403.0 16403.0 16403.0 16403.0 16403.0 16403.0 16403.0 16403.0 16402.0 16403.0 16403.0 16403.0 16403.0 16403.0 16403.0 16403.0 16403.0 16403.0 16403.0 16403.0 
