
raw_voltage_data
-0.000625 -0.000625 -0.0005 -0.0005 -0.0005 -0.0005 -0.0005 -0.0005 -0.0005 0.001125 0.015875 0.05925 0.1405 0.22725 0.267375 0.297375 0.329625 0.365 0.397625 0.426625 0.450625 0.470625 0.486875 0.500625 0.51225 0.522625 0.531125 0.538375 0.54475 0.550375 0.555125 0.559375 0.563125 0.566625 0.56975 0.5725 0.575 0.577375 0.579625 0.581625 0.5835 0.58525 0.587 0.5885 0.59 0.591375 0.59275 0.594 0.595125 0.59625 0.597375 0.598375 0.599375 0.60025 0.60125 0.602125 0.603 0.60375 0.604625 0.605375 0.606 0.60675 0.6075 0.608125 0.60875 0.6095 0.610125 0.61075 0.61125 0.611875 0.6125 0.613 0.613625 0.614125 0.61475 0.61525 0.615875 0.616375 0.616875 0.617375 0.617875 0.618375 0.618875 0.619375 0.61975 0.62025 0.620625 0.621 0.6215 0.621875 0.62225 0.622625 0.623 0.623375 0.62375 0.624125 0.624375 0.62475 0.625125 0.6255 0.62575 0.626 0.626375 0.62675 0.627 0.62725 0.6275 0.627875 0.628125 0.628375 0.628625 0.629 0.62925 0.6295 0.62975 0.63 0.63025 0.630625 0.630875 0.631125 0.631375 0.63225 0.632625 0.632625 0.632625 0.632625 0.632625 0.632625 
-0.00025 -0.000375 -0.000375 -0.000375 -0.000375 -0.000375 -0.000375 -0.000375 -0.000375 0.00075 0.013375 0.05275 0.1285 0.219125 0.26175 0.292125 0.32375 0.35925 0.392125 0.42175 0.446375 0.467 0.483625 0.497625 0.5095 0.52 0.5285 0.535875 0.54225 0.548 0.552875 0.557125 0.560875 0.5645 0.5675 0.570375 0.573 0.575375 0.577625 0.579625 0.5815 0.583375 0.585 0.586625 0.588125 0.5895 0.590875 0.592125 0.593375 0.5945 0.595625 0.596625 0.597625 0.598625 0.5995 0.600375 0.60125 0.602125 0.602875 0.60375 0.604375 0.605125 0.605875 0.606625 0.60725 0.607875 0.608625 0.609125 0.60975 0.610375 0.611 0.611625 0.612125 0.61275 0.613375 0.613875 0.6145 0.615 0.6155 0.616125 0.616625 0.617125 0.617625 0.618 0.6185 0.619 0.619375 0.619875 0.62025 0.620625 0.621 0.6215 0.621875 0.62225 0.622625 0.623 0.62325 0.623625 0.624 0.624375 0.624625 0.625 0.62525 0.625625 0.625875 0.62625 0.6265 0.626875 0.627125 0.627375 0.62775 0.628 0.62825 0.6285 0.628875 0.629125 0.629375 0.629625 0.629875 0.63025 0.6305 0.631375 0.63175 0.63175 0.63175 0.63175 0.63175 0.63175 
-0.000125 -0.00025 -0.000375 -0.000375 -0.000375 -0.000375 -0.000375 -0.000375 -0.000375 0.00075 0.01275 0.050875 0.125375 0.216625 0.26025 0.290625 0.322 0.357375 0.3905 0.420125 0.445125 0.465875 0.482625 0.49675 0.50875 0.51925 0.527875 0.53525 0.54175 0.5475 0.552375 0.556625 0.5605 0.564 0.567125 0.57 0.5725 0.575 0.57725 0.57925 0.581125 0.583 0.584625 0.58625 0.58775 0.589125 0.5905 0.59175 0.593 0.594125 0.59525 0.59625 0.59725 0.59825 0.59925 0.600125 0.601 0.601875 0.602625 0.603375 0.60425 0.604875 0.605625 0.606375 0.607 0.60775 0.608375 0.609 0.609625 0.61025 0.610875 0.611375 0.612 0.612625 0.613125 0.61375 0.61425 0.614875 0.615375 0.616 0.6165 0.617 0.6175 0.617875 0.618375 0.618875 0.61925 0.61975 0.620125 0.620625 0.621 0.621375 0.62175 0.622125 0.6225 0.622875 0.62325 0.623625 0.623875 0.62425 0.624625 0.624875 0.62525 0.625625 0.625875 0.62625 0.6265 0.62675 0.627125 0.627375 0.62775 0.628 0.62825 0.6285 0.628875 0.629125 0.629375 0.629625 0.629875 0.63025 0.6305 0.631375 0.63175 0.63175 0.63175 0.63175 0.63175 0.63175 

raw_ground_pin_data
-32.0 -32.0 -32.0 -31.0 -31.0 -31.0 -31.0 -31.0 -31.0 -31.0 -30.0 -29.0 -28.0 -27.0 -26.0 -25.0 -25.0 -24.0 -23.0 -23.0 -22.0 -22.0 -22.0 -21.0 -21.0 -20.0 -20.0 -20.0 -19.0 -19.0 -19.0 -18.0 -18.0 -18.0 -17.0 -17.0 -17.0 -16.0 -16.0 -16.0 -15.0 -15.0 -15.0 -15.0 -14.0 -14.0 -14.0 -13.0 -13.0 -13.0 -12.0 -12.0 -12.0 -12.0 -11.0 -11.0 -11.0 -10.0 -10.0 -10.0 -10.0 -9.0 -9.0 -9.0 -9.0 -8.0 -8.0 -8.0 -8.0 -7.0 -7.0 -7.0 -7.0 -6.0 -6.0 -6.0 -5.0 -5.0 -5.0 -5.0 -4.0 -4.0 -4.0 -4.0 -3.0 -3.0 -3.0 -3.0 -2.0 -2.0 -2.0 -1.0 -1.0 -1.0 -1.0 0.0 0.0 0.0 0.0 1.0 1.0 1.0 1.0 2.0 2.0 2.0 2.0 3.0 3.0 3.0 3.0 4.0 4.0 4.0 4.0 5.0 5.0 5.0 5.0 5.0 6.0 6.0 7.0 7.0 7.0 7.0 7.0 7.0 
-32.0 -32.0 -31.0 -31.0 -31.0 -31.0 -31.0 -31.0 -31.0 -31.0 -30.0 -30.0 -28.0 -27.0 -26.0 -24.0 -24.0 -23.0 -22.0 -21.0 -21.0 -21.0 -20.0 -20.0 -20.0 -19.0 -19.0 -19.0 -19.0 -18.0 -18.0 -18.0 -18.0 -17.0 -17.0 -16.0 -16.0 -16.0 -15.0 -15.0 -15.0 -14.0 -14.0 -14.0 -13.0 -13.0 -13.0 -12.0 -12.0 -12.0 -12.0 -11.0 -11.0 -11.0 -10.0 -10.0 -10.0 -10.0 -9.0 -9.0 -9.0 -9.0 -8.0 -8.0 -8.0 -8.0 -7.0 -7.0 -7.0 -7.0 -6.0 -6.0 -6.0 -6.0 -5.0 -5.0 -5.0 -5.0 -4.0 -4.0 -4.0 -4.0 -3.0 -3.0 -3.0 -2.0 -2.0 -2.0 -2.0 -1.0 -1.0 -1.0 -1.0 0.0 0.0 0.0 0.0 1.0 1.0 1.0 1.0 2.0 2.0 2.0 2.0 3.0 3.0 3.0 3.0 4.0 4.0 4.0 4.0 5.0 5.0 5.0 5.0 6.0 6.0 6.0 6.0 7.0 7.0 7.0 7.0 8.0 8.0 8.0 
-31.0 -31.0 -31.0 -31.0 -31.0 -30.0 -30.0 -30.0 -30.0 -30.0 -30.0 -29.0 -28.0 -26.0 -25.0 -24.0 -24.0 -23.0 -22.0 -22.0 -21.0 -20.0 -20.0 -20.0 -19.0 -19.0 -18.0 -18.0 -17.0 -17.0 -16.0 -15.0 -15.0 -15.0 -14.0 -14.0 -14.0 -13.0 -13.0 -12.0 -12.0 -12.0 -12.0 -11.0 -11.0 -11.0 -10.0 -10.0 -10.0 -10.0 -9.0 -9.0 -9.0 -9.0 -8.0 -8.0 -8.0 -7.0 -7.0 -7.0 -6.0 -6.0 -6.0 -6.0 -5.0 -5.0 -5.0 -5.0 -4.0 -4.0 -4.0 -3.0 -3.0 -3.0 -3.0 -2.0 -2.0 -2.0 -2.0 -1.0 -1.0 -1.0 -1.0 0.0 0.0 0.0 0.0 1.0 1.0 1.0 2.0 2.0 2.0 2.0 3.0 3.0 3.0 3.0 4.0 4.0 4.0 4.0 5.0 5.0 5.0 5.0 6.0 6.0 6.0 6.0 7.0 7.0 7.0 7.0 8.0 8.0 8.0 9.0 9.0 9.0 9.0 10.0 10.0 10.0 10.0 10.0 11.0 11.0 

raw_ref_voltage_data
16406.0 16406.0 16406.0 16406.0 16406.0 16406.0 16406.0 16406.0 16406.0 16406.0 16406.0 16406.0 16406.0 16406.0 16406.0 16406.0 16406.0 16406.0 16406.0 16406.0 16406.0 16406.0 16406.0 16406.0 16406.0 16406.0 16406.0 16406.0 16406.0 16406.0 16406.0 16406.0 16406.0 16406.0 16406.0 16406.0 16406.0 16406.0 16406.0 16406.0 16406.0 16406.0 16406.0 16406.0 16406.0 16406.0 16406.0 16406.0 16406.0 16406.0 16406.0 16406.0 16406.0 16406.0 16406.0 16406.0 16406.0 16406.0 16406.0 16406.0 16406.0 16406.0 16406.0 16406.0 16406.0 16406.0 16406.0 16406.0 16406.0 16406.0 16406.0 16406.0 16406.0 16406.0 16406.0 16406.0 16406.0 16406.0 16406.0 16406.0 16406.0 16406.0 16406.0 16406.0 16406.0 16406.0 16406.0 16406.0 16406.0 16406.0 16406.0 16406.0 16406.0 16406.0 16406.0 16406.0 16406.0 16406.0 16406.0 16406.0 16406.0 16406.0 16406.0 16406.0 16406.0 16406.0 16406.0 16406.0 16406.0 16406.0 16406.0 16406.0 16406.0 16406.0 16406.0 16406.0 16406.0 16406.0 16406.0 16406.0 16406.0 16406.0 16406.0 16406.0 16406.0 16406.0 16406.0 16406.0 
16406.0 16406.0 16406.0 16406.0 16406.0 16406.0 16406.0 16406.0 16406.0 16406.0 16406.0 16406.0 16406.0 16406.0 16406.0 16406.0 16406.0 16406.0 16406.0 16406.0 16406.0 16406.0 16406.0 16406.0 16406.0 16406.0 16406.0 16406.0 16406.0 16406.0 16406.0 16406.0 16406.0 16406.0 16406.0 16406.0 16406.0 16406.0 16406.0 16406.0 16406.0 16406.0 16406.0 16406.0 16406.0 16406.0 16406.0 16406.0 16406.0 16406.0 16406.0 16406.0 16406.0 16406.0 16406.0 16406.0 16406.0 16406.0 16406.0 16406.0 16406.0 16406.0 16406.0 16406.0 16406.0 16406.0 16406.0 16406.0 16406.0 16406.0 16406.0 16406.0 16406.0 16406.0 16406.0 16406.0 16406.0 16406.0 16406.0 16406.0 16406.0 16406.0 16406.0 16406.0 16406.0 16406.0 16406.0 16406.0 16406.0 16406.0 16406.0 16406.0 16406.0 16406.0 16406.0 16406.0 16406.0 16406.0 16406.0 16406.0 16406.0 16406.0 16406.0 16406.0 16406.0 16406.0 16406.0 16406.0 16406.0 16406.0 16406.0 16406.0 16406.0 16406.0 16406.0 16406.0 16406.0 16406.0 16406.0 16406.0 16406.0 16406.0 16406.0 16406.0 16406.0 16406.0 16406.0 16406.0 
16406.0 16406.0 16406.0 16406.0 16406.0 16406.0 16406.0 16406.0 16406.0 16406.0 16406.0 16406.0 16406.0 16406.0 16406.0 16406.0 16406.0 16406.0 16406.0 16406.0 16406.0 16406.0 16406.0 16406.0 16406.0 16406.0 16406.0 16406.0 16406.0 16406.0 16406.0 16406.0 16406.0 16406.0 16406.0 16406.0 16406.0 16406.0 16406.0 16406.0 16406.0 16406.0 16406.0 16406.0 16406.0 16406.0 16406.0 16406.0 16406.0 16406.0 16406.0 16406.0 16406.0 16406.0 16406.0 16406.0 16406.0 16406.0 16406.0 16406.0 16406.0 16406.0 16406.0 16406.0 16406.0 16406.0 16406.0 16406.0 16406.0 16406.0 16406.0 16406.0 16406.0 16406.0 16406.0 16406.0 16406.0 16406.0 16406.0 16406.0 16406.0 16406.0 16406.0 16406.0 16406.0 16406.0 16406.0 16406.0 16406.0 16406.0 16406.0 16406.0 16406.0 16406.0 16406.0 16406.0 16406.0 16406.0 16406.0 16406.0 16406.0 16406.0 16406.0 16406.0 16406.0 16406.0 16406.0 16406.0 16406.0 16406.0 16406.0 16406.0 16406.0 16406.0 16406.0 16406.0 16406.0 16406.0 16406.0 16406.0 16406.0 16406.0 16406.0 16406.0 16406.0 16406.0 16406.0 16406.0 
