Time [s] 	 Voltage 	 Gain=4.096
0.0397121906281	0.006
0.0499331951141	0.005875
0.0599031448364	0.005625
0.0700051784515	0.005375
0.0799760818481	0.005125
0.0901620388031	0.005
0.100432157516	0.00475
0.110429048538	0.004625
0.120638132095	0.004375
0.132139205933	0.004375
0.142246007919	0.004
0.152451038361	0.004
0.164023160934	0.00375
0.17426609993	0.003625
0.184599161148	0.0035
0.195075035095	0.003375
0.205463171005	0.00325
0.215731143951	0.003125
0.225761175156	0.003
0.235949039459	0.002875
0.24605512619	0.002875
0.256328105927	0.00275
0.266613006592	0.002625
0.276611089706	0.0025
0.286792993546	0.002625
0.29718708992	0.002375
0.307462215424	0.002375
0.317696094513	0.00225
0.327805995941	0.00225
0.338067054749	0.002125
0.34840798378	0.00225
0.358646154404	0.002
0.368949174881	0.002
0.381245136261	0.001875
0.391499042511	0.001875
0.401782989502	0.00175
0.411777019501	0.00175
0.421948194504	0.00175
0.432218074799	0.00175
0.442295074463	0.001625
0.4525141716	0.001625
0.462517023087	0.001625
0.472809076309	0.001625
0.48307299614	0.0015
0.493339061737	0.0015
0.503703117371	0.0015
0.514105081558	0.001375
0.524331092834	0.0015
0.534560203552	0.001375
0.544766187668	0.001375
0.554971218109	0.00125
0.565376996994	0.00125
0.575455188751	0.00125
0.585720062256	0.00125
0.595715045929	0.00125
0.606042146683	0.00125
0.616317987442	0.001125
0.626322984695	0.00125
0.636505126953	0.001125
0.646508216858	0.001125
0.656768083572	0.001125
0.667037010193	0.001125
0.677124023438	0.001
0.687308073044	0.001
0.69745516777	0.001
0.707785129547	0.001
0.718172073364	0.000875
0.728175163269	0.001
0.73836517334	0.000875
0.74863409996	0.001
0.758961200714	0.000875
0.769297122955	0.001
0.779298067093	0.000875
0.789511203766	0.000875
0.799918174744	0.000875
0.810254096985	0.000875
0.820516109467	0.00075
0.830687046051	0.000875
0.84096121788	0.00075
0.851201057434	0.000875
0.861321210861	0.00075
0.871594190598	0.00075
0.881817102432	0.000625
0.891987085342	0.00075
0.902199029922	0.000625
0.912322044373	0.00075
0.922584056854	0.00075
0.932849168777	0.00075
0.942854166031	0.000625
0.953037023544	0.00075
0.96316409111	0.000625
0.973433017731	0.000625
0.983694076538	0.00075
0.993700027466	0.00075
1.00388121605	0.000625
1.01408410072	0.000625
1.02435517311	0.000625
1.03461813927	0.000625
1.04462003708	0.000625
1.05483698845	0.0005
1.06515002251	0.000625
1.07533621788	0.0005
1.08554005623	0.000625
1.0955350399	0.0005
1.10578513145	0.000625
1.116106987	0.000625
1.12612509727	0.000625
1.13631010056	0.0005
1.14633917809	0.000625
1.15657019615	0.0005
1.16686105728	0.0005
1.17685818672	0.000375
1.18702220917	0.0005
1.19719600677	0.000375
1.2074341774	0.0005
1.21770501137	0.000375
1.22779512405	0.0005
1.23805618286	0.000375
1.24830102921	0.0005
1.25854516029	0.000375
1.26878905296	0.0005
1.27886104584	0.000375
1.28912305832	0.0005
1.29939818382	0.000375
1.30941700935	0.0005
1.31965398788	0.000375
1.32965898514	0.000375
1.3398911953	0.000375
1.35014414787	0.000375
1.36019515991	0.000375
1.37042808533	0.0005
1.38053512573	0.000375
1.39077615738	0.0005
1.4010591507	0.000375
1.41134500504	0.0005
1.42167901993	0.000375
1.43192505836	0.0005
1.44203400612	0.00025
1.45222210884	0.0005
1.46233510971	0.000375
1.472645998	0.000375
1.48291802406	0.000375
1.49292206764	0.000375
1.50311112404	0.000375
1.51315903664	0.000375
1.52350211143	0.000375
1.53376603127	0.000375
1.54376912117	0.000375
1.55396604538	0.000375
1.56417417526	0.00025
1.57448506355	0.00025
1.58474206924	0.000375
1.59474802017	0.00025
1.60492515564	0.00025
1.61524200439	0.000375
1.62550115585	0.000375
1.63574814796	0.00025
1.64575910568	0.00025
1.65597319603	0.00025
1.66631817818	0.00025
1.67639398575	0.00025
1.68661499023	0.00025
1.69664120674	0.00025
1.70689511299	0.00025
1.71725201607	0.00025
1.7273440361	0.00025
1.7375562191	0.00025
1.74773716927	0.00025
1.75806617737	0.00025
1.7683300972	0.00025
1.7784011364	0.00025
1.78859615326	0.00025
1.79897809029	0.00025
1.80911207199	0.000375
1.81934213638	0.00025
1.82935810089	0.00025
1.83958411217	0.000125
1.8498301506	0.00025
1.85982108116	0.00025
1.87001800537	0.00025
1.88016819954	0.000125
1.89058804512	0.00025
1.90085816383	0.000125
1.91086006165	0.00025
1.92105698586	0.00025
1.93126320839	0.00025
1.94146299362	0.000125
1.95168805122	0.00025
1.96168208122	0.000125
1.97190308571	0.00025
1.98218917847	0.000125
1.99225306511	0.00025
2.00244021416	0.000125
2.01251912117	0.000125
2.02286601067	0.000125
2.03313612938	0.000125
2.04313707352	0.000125
2.05330514908	0.000125
2.06333804131	0.000125
2.07363510132	0.000125
2.08387613297	0.000125
2.09388303757	0.000125
2.10406112671	0.000125
2.11412501335	0.000125
2.12443208694	0.000125
2.13469219208	0.000125
2.14469408989	0.000125
2.15487098694	0.000125
2.16511321068	0.000125
2.17534708977	0.000125
2.18561506271	0.000125
2.1956050396	0.000125
2.2057890892	0.000125
2.21605420113	0.000125
2.22618603706	0.000125
2.23642706871	0.000125
2.24643301964	0.000125
2.25668120384	0.000125
2.26694321632	0.000125
2.27707314491	0.000125
2.28735399246	0.000125
2.29742503166	0.000125
2.30768918991	0.000125
2.31801605225	0.000125
2.32834410667	0.000125
2.33861613274	0.000125
2.3490011692	0.000125
2.3590760231	0.0
2.36933398247	0.000125
2.37947821617	0.0
2.38977217674	0.000125
2.40005898476	0.000125
2.41007113457	0.000125
2.42026519775	0.000125
2.43050098419	0.000125
2.44083619118	0.0
2.45109605789	0.000125
2.46109700203	0.0
2.47132921219	0.000125
2.48164701462	0.0
2.49185109138	0.000125
2.50207710266	0.000125
2.51207518578	0.000125
2.52226519585	0.0
2.53257703781	0.000125
2.54264903069	0.0
2.55284810066	0.000125
2.56285214424	0.0
2.57313108444	0.000125
2.58341813087	0.0
2.59341621399	0.000125
2.60360002518	0.0
2.61366200447	0.000125
2.62399315834	0.0
2.63430500031	0.000125
2.64429211617	0.0
2.65446901321	0.000125
2.66471409798	0.0
2.67494916916	0.0
2.68518304825	0.000125
2.69518303871	0.0
2.70536899567	0.0
2.71568608284	0.000125
2.72572398186	0.0
2.73591113091	0.0
2.74590110779	0.0
2.756098032	0.0
2.76636815071	0.0
2.77643013	0.0
2.78663802147	0.0
2.79668521881	0.0
2.80692315102	0.0
2.81718420982	0.0
2.82722902298	0.0
2.83742618561	0.0
2.84759712219	0.0
2.85782408714	0.0
2.86813402176	0.0
2.87817811966	0.0
2.8883960247	0.0
2.898676157	0.0
2.90888214111	0.0
2.91915011406	0.0
2.92930603027	0.000125
2.9397611618	0.0
2.95002818108	0.000125
2.96002602577	0.0
2.97017502785	0.0
2.98027515411	0.0
2.99059820175	0.0
3.0008790493	0.0
3.01087212563	0.000125
3.02104115486	0.0
3.03126311302	0.0
3.04150104523	0.0
3.05175113678	0.0
3.06173801422	-0.000125
3.07189202309	0.0
3.08215308189	-0.000125
3.09231805801	0.0
3.10256409645	0.0
3.11258912086	0.0
3.12277698517	0.0
3.13302612305	0.0
3.14314699173	-0.000125
3.15337610245	0.0
3.16340017319	0.0
3.17360806465	0.0
3.18384313583	0.0
3.19397616386	0.0
3.20420312881	0.0
3.21455216408	0.0
3.22473311424	-0.000125
3.23499703407	0.0
3.24530220032	0.0
3.2555642128	0.0
3.26583814621	0.0
3.27585506439	0.0
3.28603410721	0.0
3.29615306854	0.0
3.3064520359	0.0
3.31670308113	0.0
3.32672119141	-0.000125
3.33689713478	0.0
3.34712100029	-0.000125
3.357391119	0.0
3.36766219139	0.0
3.37768006325	-0.000125
3.38789010048	0.0
3.39900898933	-0.000125
3.40910315514	0.0
3.41934418678	-0.000125
3.42933511734	-0.000125
3.43973898888	-0.000125
3.45004606247	0.0
3.46004104614	-0.000125
3.47024607658	0.0
3.48045110703	-0.000125
3.49076604843	0.0
3.50103521347	-0.000125
3.51104307175	-0.000125
3.52120900154	0.0
3.53139019012	0.0
3.54179620743	-0.000125
3.5521800518	-0.000125
3.56220316887	-0.000125
3.57235217094	0.0
3.58264613152	-0.000125
3.59273910522	0.0
3.60293912888	-0.000125
3.61294817924	-0.000125
3.62342500687	-0.000125
3.63374519348	0.0
3.64374899864	-0.000125
3.65396904945	0.0
3.66488218307	-0.000125
3.67509198189	0.0
3.68537116051	-0.000125
3.69541406631	-0.000125
3.70569014549	-0.000125
3.71600317955	-0.000125
3.72605109215	-0.000125
3.73625421524	-0.000125
3.74630618095	-0.000125
3.75663805008	-0.000125
3.78109312057	-0.000125
3.79135417938	-0.000125
3.80162000656	-0.000125
3.81161808968	-0.000125
3.82180809975	-0.000125
3.83220410347	-0.000125
3.8423871994	-0.000125
3.85267519951	0.0
3.86268019676	-0.000125
3.87312102318	-0.000125
3.88341498375	-0.000125
3.89343619347	-0.000125
3.90371108055	-0.000125
3.91379213333	-0.000125
3.92403006554	-0.000125
3.93429899216	-0.000125
3.94433712959	-0.000125
3.95457100868	0.0
3.96477508545	-0.000125
3.97498106956	0.0
3.98521614075	-0.000125
3.99529314041	-0.000125
4.00549316406	-0.000125
4.04508018494	-0.00025
4.05525708199	-0.000125
4.06553411484	-0.00025
4.07567715645	-0.000125
4.08588314056	-0.00025
4.0959250927	-0.000125
4.10615706444	-0.000125
4.11641311646	-0.000125
4.1264359951	-0.00025
4.13662409782	-0.000125
4.14684820175	-0.00025
4.1573741436	-0.00025
4.16766905785	-0.000125
4.1776971817	-0.000125
4.1880030632	-0.00025
4.19824409485	-0.00025
4.20855617523	-0.000125
4.2189450264	-0.000125
4.22901701927	-0.000125
4.23932218552	-0.00025
4.24969220161	-0.000125
4.25982999802	-0.00025
4.27007007599	-0.000125
4.28043913841	-0.00025
4.29069304466	-0.000125
4.30096507072	-0.00025
4.31112098694	-0.000125
4.32139110565	-0.00025
4.3316180706	-0.000125
4.34178113937	-0.00025
4.35203504562	-0.000125
4.36224913597	-0.00025
4.37254214287	-0.000125
4.382833004	-0.00025
4.39284014702	-0.00025
4.40303301811	-0.00025
4.41319918633	-0.000125
4.42348718643	-0.00025
4.43375515938	-0.000125
4.44375014305	-0.00025
4.4539680481	-0.000125
4.46436500549	-0.00025
4.47464704514	-0.000125
4.48488903046	-0.00025
4.49491119385	-0.000125
4.50512599945	-0.00025
4.51548314095	-0.00025
4.5255382061	-0.00025
4.53574204445	-0.00025
4.54575705528	-0.00025
4.55598402023	-0.000125
4.56626605988	-0.00025
4.5762732029	-0.000125
4.58646607399	-0.00025
4.59650421143	-0.000125
4.60675501823	-0.00025
4.61704611778	-0.00025
4.62706303596	-0.00025
4.6372461319	-0.00025
4.64733219147	-0.00025
4.65758299828	-0.000125
4.66786718369	-0.00025
4.67798519135	-0.00025
4.6881570816	-0.00025
4.69844198227	-0.00025
4.70855021477	-0.00025
4.71875619888	-0.00025
4.72875404358	-0.00025
4.73903298378	-0.00025
4.7493121624	-0.00025
4.7595281601	-0.00025
4.76989817619	-0.00025
4.7799551487	-0.00025
4.79021000862	-0.000125
4.80051898956	-0.00025
4.81052303314	-0.000125
4.82072401047	-0.00025
4.83086919785	-0.00025
4.84105801582	-0.000375
4.85126209259	-0.00025
4.86125016212	-0.00025
4.87144112587	-0.00025
4.88168716431	-0.00025
4.89199399948	-0.00025
4.90227818489	-0.00025
4.91228413582	-0.00025
4.9224832058	-0.00025
4.93273210526	-0.000125
4.94273114204	-0.000375
4.95289707184	-0.00025
4.96289801598	-0.000375
4.97315907478	-0.00025
4.98339700699	-0.00025
4.99340701103	-0.00025
5.00362205505	-0.00025
5.01369905472	-0.00025
5.02395915985	-0.00025
5.03419399261	-0.00025
5.04418516159	-0.000375
5.05433320999	-0.00025
5.06504821777	-0.00025
5.07542920113	-0.00025
5.0856821537	-0.000375
5.09567809105	-0.00025
5.10619521141	-0.000375
5.1164290905	-0.000125
5.12656402588	-0.00025
5.1367790699	-0.00025
5.14710021019	-0.00025
5.15730810165	-0.00025
5.16753721237	-0.00025
5.17769098282	-0.00025
5.18802404404	-0.00025
5.19826602936	-0.00025
5.2083799839	-0.00025
5.21855020523	-0.00025
5.2287042141	-0.00025
5.23904299736	-0.00025
5.24929404259	-0.00025
5.2593061924	-0.00025
5.26945710182	-0.00025
5.27962803841	-0.00025
5.28990006447	-0.00025
5.30013918877	-0.00025
5.31019210815	-0.00025
5.32036018372	-0.00025
5.3306350708	-0.00025
5.34085702896	-0.000375
5.35105013847	-0.00025
5.3610432148	-0.00025
5.37132501602	-0.00025
5.38171601295	-0.000375
5.39178013802	-0.00025
5.40196299553	-0.00025
5.41199302673	-0.00025
5.42215418816	-0.000375
5.43245005608	-0.00025
5.44246721268	-0.000375
5.45262098312	-0.00025
5.46260905266	-0.000375
5.47303199768	-0.00025
5.4833111763	-0.00025
5.49331212044	-0.00025
5.50346803665	-0.000375
5.51361298561	-0.00025
5.52381205559	-0.000375
5.53404402733	-0.00025
5.54405117035	-0.000375
5.55420708656	-0.00025
5.56436800957	-0.000375
5.57450914383	-0.00025
5.58471608162	-0.000375
5.59471011162	-0.00025
5.60487318039	-0.000375
5.6151239872	-0.00025
5.62515115738	-0.00025
5.63534212112	-0.00025
5.64533805847	-0.000375
5.65549111366	-0.00025
5.66597604752	-0.00025
5.67631220818	-0.00025
5.68668699265	-0.00025
5.69698905945	-0.00025
5.70724821091	-0.00025
5.71745705605	-0.00025
5.72747302055	-0.000375
5.73769211769	-0.000375
5.74830198288	-0.000375
5.75839805603	-0.00025
5.76855421066	-0.00025
5.7785680294	-0.000375
5.7888250351	-0.000375
5.79918408394	-0.00025
5.80919098854	-0.00025
5.81935715675	-0.00025
5.82936906815	-0.00025
5.83968806267	-0.00025
5.84992814064	-0.000375
5.85991716385	-0.00025
5.87007308006	-0.00025
5.88042020798	-0.000375
5.8907752037	-0.00025
5.90101003647	-0.00025
5.91101503372	-0.00025
5.92116713524	-0.000375
5.93139719963	-0.00025
5.94161105156	-0.000375
5.9518392086	-0.00025
5.96183013916	-0.000375
5.97197318077	-0.000375
5.98237299919	-0.00025
5.99278211594	-0.00025
6.00302004814	-0.000375
6.01301503181	-0.00025
6.02320718765	-0.000375
6.03345918655	-0.00025
6.04363417625	-0.000375
6.05385017395	-0.00025
6.0639731884	-0.000375
6.07414507866	-0.00025
6.08433699608	-0.00025
6.09450006485	-0.00025
6.1047141552	-0.000375
6.11493301392	-0.00025
6.12500309944	-0.000375
6.13518404961	-0.00025
6.14535117149	-0.000375
6.15557408333	-0.00025
6.16582107544	-0.000375
6.17582321167	-0.00025
6.18602108955	-0.000375
6.19621801376	-0.00025
6.20648002625	-0.000375
6.21670818329	-0.00025
6.22670912743	-0.000375
6.23689413071	-0.00025
6.24714016914	-0.000375
6.25733113289	-0.00025
6.26752614975	-0.000375
6.27751803398	-0.00025
6.28782701492	-0.000375
6.29845404625	-0.00025
6.30855321884	-0.000375
6.3187661171	-0.000375
6.32876610756	-0.000375
6.3390750885	-0.00025
6.34938716888	-0.000375
6.35939311981	-0.000375
6.36956214905	-0.000375
6.37956118584	-0.00025
6.38989305496	-0.00025
6.40018606186	-0.00025
6.41018819809	-0.000375
6.4203441143	-0.000375
6.43063211441	-0.000375
6.44100117683	-0.000375
6.45127105713	-0.00025
6.46127200127	-0.000375
6.47143101692	-0.00025
6.48164105415	-0.000375
6.49184012413	-0.00025
6.50209498405	-0.000375
6.51208615303	-0.00025
6.52225399017	-0.00025
6.53248405457	-0.00025
6.54259610176	-0.000375
6.55285811424	-0.00025
6.56285715103	-0.000375
6.57304000854	-0.00025
6.58324718475	-0.000375
6.59355020523	-0.00025
6.60383105278	-0.000375
6.61392211914	-0.00025
6.62416219711	-0.000375
6.63435912132	-0.00025
6.64448809624	-0.000375
6.65473818779	-0.00025
6.66497802734	-0.000375
6.675096035	-0.000375
6.68530106544	-0.000375
6.69545602798	-0.00025
6.70571398735	-0.000375
6.71595907211	-0.00025
6.7260119915	-0.000375
6.73616409302	-0.000375
6.74633717537	-0.000375
6.7569270134	-0.00025
6.76713204384	-0.000375
6.7771320343	-0.00025
6.78728199005	-0.000375
6.79800915718	-0.00025
6.8081240654	-0.000375
6.81830310822	-0.00025
6.82835316658	-0.000375
6.83852601051	-0.00025
6.84894919395	-0.000375
6.85906505585	-0.00025
6.869328022	-0.000375
6.87932419777	-0.00025
6.88961601257	-0.000375
6.89995908737	-0.00025
6.90997600555	-0.000375
6.92014217377	-0.00025
6.93028116226	-0.00025
6.9404771328	-0.000375
6.95069718361	-0.000375
6.96069908142	-0.000375
6.97085499763	-0.00025
6.98129606247	-0.00025
6.99142599106	-0.000375
7.00164818764	-0.00025
7.01166820526	-0.00025
7.02183318138	-0.000375
7.03207421303	-0.000375
7.04208302498	-0.000375
7.05227208138	-0.00025
7.06227517128	-0.000375
7.07244610786	-0.000375
7.08267998695	-0.0005
7.09267616272	-0.00025
7.10286402702	-0.000375
7.11289620399	-0.00025
7.12315106392	-0.000375
7.13338208199	-0.000375
7.1433660984	-0.000375
7.15355920792	-0.00025
7.16366219521	-0.000375
7.17386507988	-0.00025
7.18406009674	-0.000375
7.19406819344	-0.00025
7.20437407494	-0.000375
7.21493220329	-0.00025
7.22503018379	-0.000375
7.23517298698	-0.00025
7.24516320229	-0.000375
7.25537514687	-0.00025
7.26566815376	-0.000375
7.27570819855	-0.00025
7.28588914871	-0.000375
7.29588603973	-0.00025
7.30639100075	-0.000375
7.31664299965	-0.00025
7.32663202286	-0.000375
7.33678507805	-0.00025
7.34686899185	-0.000375
7.35713219643	-0.00025
7.36738801003	-0.000375
7.37739706039	-0.00025
7.38755702972	-0.000375
7.39811110497	-0.000375
7.40830898285	-0.000375
7.4185461998	-0.000375
7.42854905128	-0.000375
7.43869900703	-0.000375
7.44904208183	-0.000375
7.45920801163	-0.000375
7.46942806244	-0.000375
7.47942614555	-0.000375
7.48965215683	-0.00025
7.49991202354	-0.000375
7.51018810272	-0.000375
7.52044916153	-0.000375
7.53056406975	-0.000375
7.54075908661	-0.000375
7.55097603798	-0.000375
7.56111311913	-0.000375
7.57137203217	-0.000375
7.58161401749	-0.000375
7.59166502953	-0.000375
7.6018280983	-0.000375
7.61197900772	-0.00025
7.62222504616	-0.000375
7.63247418404	-0.000375
7.64247298241	-0.000375
7.65261411667	-0.000375
7.66275000572	-0.000375
7.67314505577	-0.000375
7.68338418007	-0.000375
7.69338011742	-0.00025
7.70349621773	-0.000375
7.71372699738	-0.00025
7.72392702103	-0.000375
7.73411798477	-0.000375
7.74510908127	-0.000375
7.75529408455	-0.00025
7.76558017731	-0.000375
7.77559304237	-0.00025
7.78575515747	-0.000375
7.79572820663	-0.00025
7.80595803261	-0.000375
7.81625819206	-0.00025
7.82626819611	-0.000375
7.83641815186	-0.000375
7.84672617912	-0.000375
7.85692119598	-0.00025
7.86715316772	-0.000375
7.87716817856	-0.00025
7.88733315468	-0.000375
7.89750218391	-0.000375
7.9077091217	-0.000375
7.91802620888	-0.000375
7.92804408073	-0.000375
7.93822312355	-0.000375
7.94850301743	-0.000375
7.95855808258	-0.000375
7.96875500679	-0.000375
7.97875714302	-0.000375
7.98900914192	-0.000375
7.99926710129	-0.00025
8.00926804543	-0.000375
