Time [s] 	 Voltage 	 Gain=4.096
0.0393958091736	0.003375
0.04927277565	0.002875
0.0592889785767	0.003
0.0692338943481	0.002375
0.0790967941284	0.00225
0.0889518260956	0.002375
0.09880900383	0.002
0.108810901642	0.0015
0.118754863739	0.001625
0.128780841827	0.00125
0.139053821564	0.0015
0.149041891098	0.001125
0.160410881042	0.001125
0.170412778854	0.00075
0.18029499054	0.001
0.19014787674	0.00075
0.200002908707	0.000625
0.21000289917	0.000375
0.219947814941	0.000375
0.22980594635	0.00025
0.239656925201	0.00025
0.249504804611	0.000125
0.259497880936	0.0
0.269449949265	0.0
0.279307842255	0.000125
0.289161920547	-0.000375
0.299012899399	-0.00025
0.30899977684	-0.0005
0.318945884705	-0.00025
0.328803777695	-0.000875
0.338664770126	-0.000375
0.348541975021	-0.00075
0.358448982239	-0.0005
0.368478775024	-0.00075
0.378366947174	-0.00075
0.38823890686	-0.001
0.39809679985	-0.000625
0.407946825027	-0.001125
0.417980909348	-0.000875
0.427924871445	-0.001
0.438264846802	-0.000875
0.448261976242	-0.00125
0.458136796951	-0.001125
0.468168973923	-0.00125
0.478113889694	-0.001125
0.48798084259	-0.001375
0.497839927673	-0.00125
0.507709980011	-0.00125
0.517720937729	-0.001
0.527693986893	-0.001375
0.537567853928	-0.001125
0.547425985336	-0.0015
0.557280778885	-0.0015
0.567259788513	-0.0015
0.577250003815	-0.0015
0.587126970291	-0.0015
0.596982002258	-0.001375
0.606830835342	-0.001625
0.61684679985	-0.001375
0.626805782318	-0.00175
0.636665821075	-0.001625
0.646519899368	-0.001875
0.656378984451	-0.001625
0.666381835938	-0.001875
0.67631483078	-0.0015
0.686183929443	-0.001875
0.696039915085	-0.001625
0.705896854401	-0.00175
0.715897798538	-0.00175
0.725845813751	-0.00175
0.735796928406	-0.001625
0.746079921722	-0.001875
0.75609588623	-0.001875
0.766129970551	-0.001875
0.776086807251	-0.001625
0.785950899124	-0.00175
0.79580783844	-0.002
0.805689811707	-0.001875
0.815692901611	-0.002
0.82563996315	-0.001875
0.83550286293	-0.001875
0.845396995544	-0.002
0.85525393486	-0.00175
0.865197896957	-0.001875
0.875211954117	-0.00225
0.885094881058	-0.002
0.894951820374	-0.002
0.904808998108	-0.001875
0.914769887924	-0.002
0.924819946289	-0.002
0.934742927551	-0.002125
0.944666862488	-0.001875
0.954569816589	-0.00225
0.964469909668	-0.00225
0.974491834641	-0.001875
0.984451770782	-0.002
0.994322776794	-0.00225
1.00417780876	-0.00225
1.01402997971	-0.002
1.02403187752	-0.002
1.03397393227	-0.00225
1.04607486725	-0.002125
1.05612397194	-0.002
1.06604290009	-0.002125
1.07607889175	-0.002
1.08605790138	-0.002125
1.09593892097	-0.00225
1.10580778122	-0.00225
1.11566877365	-0.00225
1.12568998337	-0.002375
1.13564300537	-0.002125
1.14550685883	-0.002375
1.15536379814	-0.002
1.16521978378	-0.00225
1.17526388168	-0.00225
1.18522286415	-0.0025
1.19508385658	-0.00225
1.2049369812	-0.00225
1.21479797363	-0.002125
1.22488284111	-0.0025
1.23484182358	-0.00225
1.24470376968	-0.00225
1.25462079048	-0.0025
1.26447486877	-0.002375
1.27449393272	-0.002125
1.2844479084	-0.00225
1.29431796074	-0.002375
1.3041908741	-0.002375
1.31404280663	-0.0025
1.3240339756	-0.00225
1.3339779377	-0.002375
1.34400486946	-0.0025
1.35428977013	-0.002375
1.36431980133	-0.0025
1.37436485291	-0.002375
1.38432097435	-0.002375
1.39419579506	-0.002375
1.40405082703	-0.002375
1.41390299797	-0.00225
1.42389798164	-0.0025
1.43384480476	-0.002375
1.44415378571	-0.002125
1.45414686203	-0.0025
1.46400284767	-0.0025
1.47401189804	-0.00225
1.48396587372	-0.002375
1.49383282661	-0.002625
1.5036919117	-0.002625
1.51354789734	-0.00225
1.5235888958	-0.002375
1.53370594978	-0.002375
1.54358482361	-0.0025
1.55348277092	-0.0025
1.56338191032	-0.00225
1.57331991196	-0.002375
1.58337783813	-0.002375
1.59329986572	-0.002625
1.60315990448	-0.00225
1.61301183701	-0.002625
1.62286186218	-0.002375
1.6328728199	-0.002375
1.64284181595	-0.0025
1.65396285057	-0.002625
1.66397380829	-0.002375
1.6738948822	-0.00275
1.68393182755	-0.002625
1.69386386871	-0.002625
1.70372986794	-0.0025
1.71357584	-0.002375
1.72351193428	-0.0025
1.73356294632	-0.0025
1.74365186691	-0.00225
1.75352096558	-0.002625
1.76342797279	-0.0025
1.77339076996	-0.002625
1.783441782	-0.00225
1.79347395897	-0.002625
1.80340099335	-0.002375
1.81325984001	-0.002625
1.82311582565	-0.002375
1.83311295509	-0.00275
1.84309577942	-0.0025
1.85295987129	-0.0025
1.86281180382	-0.0025
1.87273478508	-0.0025
1.88279700279	-0.00275
1.89276194572	-0.002625
1.9026248455	-0.0025
1.91247797012	-0.002875
1.9223549366	-0.0025
1.93234992027	-0.002875
1.94229197502	-0.0025
1.95228481293	-0.0025
1.96254992485	-0.002375
1.97253799438	-0.002625
1.98255181313	-0.002625
1.99249577522	-0.002875
2.00235676765	-0.0025
2.01220679283	-0.002625
2.02205896378	-0.002375
2.03204989433	-0.00275
2.04200577736	-0.0025
2.05187392235	-0.002625
2.06172680855	-0.002375
2.07157683372	-0.002625
2.0815718174	-0.00225
2.09151291847	-0.002625
2.10137581825	-0.002625
2.11122584343	-0.002625
2.12107896805	-0.00225
2.13102889061	-0.002625
2.14102077484	-0.002625
2.15089488029	-0.00275
2.16074681282	-0.002625
2.17059898376	-0.002875
2.18052387238	-0.002625
2.19054985046	-0.002875
2.20050692558	-0.0025
2.21037483215	-0.00275
2.22022986412	-0.00275
2.23008394241	-0.002875
2.24006986618	-0.0025
2.25000977516	-0.002625
2.26170396805	-0.0025
2.27174282074	-0.00275
2.28168177605	-0.0025
2.29172277451	-0.00275
2.30164599419	-0.002875
2.31150197983	-0.002875
2.32135677338	-0.002625
2.33121299744	-0.003
2.34125185013	-0.00275
2.35120391846	-0.00275
2.3610868454	-0.00275
2.3709487915	-0.003
2.38082289696	-0.0025
2.39090180397	-0.002875
2.40085077286	-0.002625
2.41071200371	-0.002875
2.42056584358	-0.00275
2.43041682243	-0.00275
2.44042396545	-0.002625
2.45036482811	-0.002875
2.46022486687	-0.0025
2.47007799149	-0.003125
2.47995495796	-0.00275
2.48995089531	-0.003
2.49990391731	-0.002875
2.50976681709	-0.00275
2.51962089539	-0.002875
2.52947282791	-0.003
2.53946995735	-0.002875
2.54940986633	-0.002625
2.55935287476	-0.0025
2.56961488724	-0.00275
2.57962679863	-0.002625
2.58964395523	-0.002625
2.59959888458	-0.00275
2.60946297646	-0.002875
2.61932682991	-0.00275
2.62917995453	-0.00275
2.63918280602	-0.002625
2.64912986755	-0.002875
2.65900087357	-0.002875
2.66885280609	-0.002875
2.67870497704	-0.002625
2.68870091438	-0.002875
2.69863796234	-0.002875
2.70850086212	-0.00275
2.71836686134	-0.002875
2.72822785378	-0.00275
2.73814296722	-0.00275
2.74815583229	-0.003
2.75807094574	-0.002875
2.76799893379	-0.00275
2.77786684036	-0.002625
2.78778290749	-0.00275
2.79780888557	-0.00275
2.80773282051	-0.00275
2.81759691238	-0.002875
2.82744693756	-0.00275
2.83732581139	-0.002625
2.84733581543	-0.00275
2.85730099678	-0.002875
2.86965680122	-0.002875
2.87969398499	-0.00275
2.88965582848	-0.00275
2.89971995354	-0.002875
2.90963387489	-0.003125
2.91949295998	-0.00275
2.92934584618	-0.002875
2.9391977787	-0.002875
2.94938588142	-0.002875
2.95936894417	-0.00275
2.96923184395	-0.003
2.97911095619	-0.003
2.98902583122	-0.00275
2.99904799461	-0.00275
3.00899887085	-0.00275
3.01886081696	-0.003125
3.02872300148	-0.002875
3.03860378265	-0.002625
3.04861092567	-0.003
3.05855298042	-0.0025
3.06841087341	-0.002875
3.07826280594	-0.003
3.08811378479	-0.003125
3.09812378883	-0.002875
3.10807681084	-0.002875
3.11794996262	-0.002875
3.12780880928	-0.002875
3.1376709938	-0.003125
3.14766788483	-0.00275
3.15761089325	-0.00275
3.16758179665	-0.00275
3.17785596848	-0.003
3.18786978722	-0.002875
3.19790387154	-0.002875
3.20785498619	-0.002875
3.21772193909	-0.00275
3.22757482529	-0.0025
3.23742699623	-0.002875
3.24742889404	-0.00275
3.25738692284	-0.002875
3.26724886894	-0.002875
3.27710199356	-0.003
3.28695583344	-0.002875
3.29695987701	-0.00275
3.30690479279	-0.002875
3.31679177284	-0.003
3.3266479969	-0.00275
3.33651781082	-0.002875
3.34650588036	-0.002875
3.35648488998	-0.002875
3.366355896	-0.002875
3.37621998787	-0.003
3.38607883453	-0.002875
3.39602994919	-0.002625
3.40609383583	-0.00275
3.41600179672	-0.002875
3.42586278915	-0.00275
3.43572878838	-0.002875
3.44558978081	-0.00275
3.45561981201	-0.002875
3.4655649662	-0.00275
3.47585892677	-0.002875
3.4861497879	-0.002625
3.49618887901	-0.002875
3.50630998611	-0.00275
3.5162768364	-0.002875
3.52615380287	-0.002875
3.53601098061	-0.003
3.54586791992	-0.00275
3.55595088005	-0.003
3.56593179703	-0.002625
3.57580399513	-0.003125
3.58566784859	-0.002875
3.59561181068	-0.003
3.60570192337	-0.002875
3.61568498611	-0.003125
3.62555098534	-0.002875
3.635409832	-0.00325
3.64526891708	-0.002875
3.65535092354	-0.003
3.6653277874	-0.00275
3.68818688393	-0.003
3.69831299782	-0.003
3.7098968029	-0.003
3.71984577179	-0.002875
3.72970294952	-0.00275
3.73955488205	-0.002875
3.74940681458	-0.002875
3.7604868412	-0.002625
3.77043890953	-0.003125
3.78149199486	-0.003
3.79150986671	-0.003
3.80216383934	-0.002875
3.81224179268	-0.002875
3.82212996483	-0.002875
3.83198285103	-0.002875
3.84184098244	-0.0025
3.85274291039	-0.00325
3.86289381981	-0.002875
3.87278485298	-0.003125
3.88263678551	-0.00275
3.89248991013	-0.00325
3.90341687202	-0.00275
3.91358780861	-0.003125
3.92353177071	-0.00275
3.93343281746	-0.003125
3.94329094887	-0.00275
3.95418095589	-0.003
3.96428799629	-0.00275
3.9741859436	-0.003
3.98404979706	-0.002625
3.99390387535	-0.003125
4.00481390953	-0.002875
4.0435988903	-0.002875
4.05350780487	-0.00325
4.06487083435	-0.002875
4.07483077049	-0.003125
4.08530497551	-0.002875
4.09539198875	-0.00325
4.10534882545	-0.002625
4.11541581154	-0.003125
4.12537384033	-0.003
4.13525080681	-0.003
4.14511084557	-0.002875
4.154971838	-0.003125
4.16499090195	-0.003
4.17494082451	-0.003125
4.18482279778	-0.002875
4.194688797	-0.003
4.20466685295	-0.003
4.2147538662	-0.002875
4.22470784187	-0.003125
4.234623909	-0.003
4.24447798729	-0.002875
4.2543489933	-0.003
4.26436400414	-0.002875
4.27431797981	-0.003
4.28418684006	-0.003
4.29404878616	-0.003
4.30390191078	-0.002875
4.31394100189	-0.003125
4.32388877869	-0.002875
4.33376479149	-0.003
4.3436729908	-0.003
4.35352778435	-0.003
4.36358380318	-0.00275
4.37365198135	-0.003
4.38371396065	-0.002875
4.39401292801	-0.003
4.40400791168	-0.003
4.41408896446	-0.00325
4.42405390739	-0.003
4.43392181396	-0.003125
4.44510698318	-0.002875
4.45521378517	-0.003125
4.46526694298	-0.003
4.47523283958	-0.00325
4.4851038456	-0.003
4.49497699738	-0.00325
4.50484395027	-0.002875
4.51485776901	-0.003125
4.52482795715	-0.003125
4.53470396996	-0.003
4.54463195801	-0.002875
4.55453777313	-0.00325
4.56461691856	-0.002875
4.57463097572	-0.003
4.58454990387	-0.00275
4.59441995621	-0.002875
4.60429382324	-0.003
4.61431384087	-0.003125
4.62428593636	-0.003
4.63416790962	-0.00325
4.64409995079	-0.003125
4.65398287773	-0.003
4.66401100159	-0.00275
4.67399191856	-0.003125
4.68387389183	-0.003
4.69402384758	-0.00325
4.70402693748	-0.00325
4.71399188042	-0.003125
4.72402787209	-0.002875
4.73393297195	-0.003125
4.74380397797	-0.00275
4.75372481346	-0.003125
4.76359987259	-0.002875
4.77372097969	-0.003
4.78372788429	-0.002875
4.7936527729	-0.003
4.80352377892	-0.003
4.8134739399	-0.003
4.8235039711	-0.00325
4.83352780342	-0.003125
4.84344577789	-0.00275
4.85330986977	-0.00325
4.86317181587	-0.003
4.87320399284	-0.003125
4.88317584991	-0.003
4.89305782318	-0.003
4.90292477608	-0.003125
4.91278791428	-0.003125
4.92280983925	-0.003125
4.93278098106	-0.00325
4.94265079498	-0.003
4.95251178741	-0.003
4.96237492561	-0.003
4.97238898277	-0.003
4.98234391212	-0.003
4.99237298965	-0.003125
5.00262784958	-0.003125
5.01261997223	-0.003
5.02265000343	-0.003
5.03260588646	-0.003125
5.04247784615	-0.002875
5.05234479904	-0.003
5.06220889091	-0.002875
5.07221198082	-0.003125
5.08216977119	-0.00275
5.09204387665	-0.00325
5.10190677643	-0.003
5.11176681519	-0.003
5.12176895142	-0.003
5.13172292709	-0.003
5.14159584045	-0.003125
5.15145993233	-0.003
5.16132187843	-0.003125
5.1713309288	-0.003125
5.18129682541	-0.003375
5.19116592407	-0.003125
5.20102596283	-0.003
5.21088480949	-0.00325
5.22087693214	-0.00325
5.23086500168	-0.003125
5.24074578285	-0.00325
5.25060796738	-0.003125
5.26047587395	-0.003
5.27038192749	-0.003
5.28043985367	-0.003
5.29036688805	-0.003125
5.30056786537	-0.003125
5.31064295769	-0.003
5.32059693336	-0.003
5.33066892624	-0.003125
5.34061193466	-0.003125
5.35048294067	-0.00275
5.36034297943	-0.003125
5.37021183968	-0.003125
5.38027095795	-0.003125
5.39023685455	-0.003125
5.40010285378	-0.003
5.40996789932	-0.002875
5.41987776756	-0.003125
5.42989087105	-0.003
5.43984889984	-0.003125
5.4497179985	-0.003125
5.45958685875	-0.003
5.46945095062	-0.003
5.47945594788	-0.00325
5.4894258976	-0.003125
5.49929881096	-0.00325
5.50916481018	-0.003
5.51902890205	-0.00325
5.52905678749	-0.003125
5.53903079033	-0.003
5.54889988899	-0.003125
5.55875897408	-0.00325
5.56861782074	-0.003125
5.57863497734	-0.00325
5.58861494064	-0.003
5.59858179092	-0.003125
5.60878491402	-0.003
5.61878085136	-0.00325
5.62881588936	-0.002875
5.63878297806	-0.003125
5.64867281914	-0.002875
5.65853881836	-0.003125
5.66840291023	-0.003
5.67841482162	-0.003125
5.68837499619	-0.003
5.69825196266	-0.00325
5.70811676979	-0.003125
5.71797680855	-0.00325
5.72798395157	-0.002875
5.73795795441	-0.003125
5.747838974	-0.003
5.75770187378	-0.003125
5.76756596565	-0.00275
5.77751898766	-0.00325
5.78752279282	-0.003125
5.79741096497	-0.003375
5.80727291107	-0.003
5.81713891029	-0.00325
5.82708096504	-0.00275
5.83714079857	-0.003125
5.84706687927	-0.002875
5.85694098473	-0.00325
5.86680293083	-0.003
5.87666296959	-0.00325
5.88667583466	-0.003125
5.89663791656	-0.003375
5.90682077408	-0.002875
5.9170589447	-0.00325
5.92703485489	-0.003125
5.93709278107	-0.003125
5.94729995728	-0.002875
5.95733880997	-0.003125
5.96723294258	-0.00325
5.97710180283	-0.00325
5.98715090752	-0.003
5.99711585045	-0.003125
6.00698685646	-0.002875
6.01685094833	-0.00325
6.02671194077	-0.003
6.03671598434	-0.003125
6.04668092728	-0.003
6.05660676956	-0.00325
6.06651091576	-0.003
6.07638978958	-0.003125
6.08641982079	-0.003125
6.09637594223	-0.003375
6.1062579155	-0.003125
6.11613988876	-0.00325
6.12600588799	-0.003
6.13601398468	-0.00325
6.14596295357	-0.003
6.15583896637	-0.003125
6.16570281982	-0.00325
6.17556595802	-0.00325
6.18557190895	-0.003125
6.19552898407	-0.00325
6.20540690422	-0.003
6.21557283401	-0.003125
6.22557377815	-0.003
6.2356069088	-0.003125
6.24556779861	-0.003125
6.25543999672	-0.003125
6.26529598236	-0.003125
6.27518987656	-0.00325
6.28521585464	-0.003125
6.29519987106	-0.00325
6.30507683754	-0.003
6.31493997574	-0.003375
6.32480788231	-0.003
6.33487081528	-0.003
6.34488487244	-0.002875
6.35477399826	-0.00325
6.36469292641	-0.003125
6.37459778786	-0.003125
6.38449478149	-0.00325
6.39463186264	-0.003125
6.40459489822	-0.003125
6.41447496414	-0.003375
6.42434477806	-0.003
6.4342648983	-0.003375
6.44435882568	-0.003
6.45432281494	-0.003125
6.46420478821	-0.003125
6.47409176826	-0.0035
6.48396086693	-0.003125
6.49398589134	-0.00325
6.50394678116	-0.00325
6.51406788826	-0.00325
6.52441477776	-0.003
6.534460783	-0.003125
6.54450488091	-0.003125
6.55448079109	-0.003125
6.56437778473	-0.003125
6.57426691055	-0.00325
6.58413696289	-0.003
6.59417080879	-0.003375
6.60415387154	-0.003
6.61404585838	-0.002875
6.62391495705	-0.003375
6.63382697105	-0.003
6.64385700226	-0.003125
6.65382385254	-0.00325
6.66369795799	-0.003125
6.67355489731	-0.00325
6.68349599838	-0.00325
6.69355177879	-0.003125
6.70358490944	-0.002875
6.7134988308	-0.003125
6.72343397141	-0.00325
6.73331999779	-0.003
6.74340796471	-0.003125
6.75337100029	-0.003125
6.763245821	-0.003125
6.77310681343	-0.003375
6.78298997879	-0.003125
6.7930059433	-0.003125
6.80300593376	-0.003
6.81289887428	-0.003125
6.82302999496	-0.003125
6.83303499222	-0.003125
6.84307384491	-0.003
6.85307979584	-0.003375
6.86298799515	-0.003125
6.87286281586	-0.003125
6.88272976875	-0.00325
6.89274787903	-0.003
6.90279388428	-0.003375
6.9127099514	-0.003125
6.92257285118	-0.003125
6.93244791031	-0.00325
6.94246196747	-0.00325
6.95245981216	-0.003125
6.96234583855	-0.003125
6.97223877907	-0.003125
6.98211097717	-0.00325
6.99200391769	-0.003
7.0020699501	-0.0035
7.01198077202	-0.003125
7.02184295654	-0.003125
7.03170180321	-0.00325
7.04160881042	-0.0035
7.05164289474	-0.003125
7.06159377098	-0.00325
7.07145881653	-0.003125
7.08132100105	-0.003
7.09121179581	-0.003125
7.10125684738	-0.00325
7.11122989655	-0.003
7.12130284309	-0.003375
7.13155889511	-0.00325
7.1415438652	-0.00325
7.15163397789	-0.003
7.16160488129	-0.003125
7.17148590088	-0.002875
7.18136096001	-0.003125
7.19122695923	-0.003
7.20123791695	-0.003125
7.21120977402	-0.003125
7.22107887268	-0.00325
7.23094797134	-0.00325
7.24080395699	-0.003125
7.25080680847	-0.00325
7.26075983047	-0.003375
7.27062678337	-0.003
7.28049898148	-0.003
7.29038190842	-0.00325
7.30043196678	-0.0035
7.31040477753	-0.003125
7.32027387619	-0.003125
7.33013296127	-0.00325
7.34000396729	-0.003375
7.35001587868	-0.002875
7.35996985435	-0.003125
7.3698348999	-0.003125
7.37970089912	-0.003375
7.38956189156	-0.003125
7.39960098267	-0.003125
7.40955591202	-0.00325
7.41943979263	-0.0035
7.42956495285	-0.002875
7.43958497047	-0.003375
7.44973087311	-0.003
7.45973587036	-0.003375
7.46961593628	-0.003125
7.47947597504	-0.00325
7.4893348217	-0.003125
7.49930286407	-0.0035
7.50935196877	-0.00325
7.51923489571	-0.00325
7.52910089493	-0.003
7.53898596764	-0.003125
7.54890680313	-0.003
7.55895590782	-0.003625
7.56991195679	-0.00325
7.5798227787	-0.003125
7.58970189095	-0.003
7.59958696365	-0.003375
7.60964488983	-0.003375
7.61958479881	-0.003125
7.62945079803	-0.003
7.63930892944	-0.00325
7.64921689034	-0.003
7.65924978256	-0.003375
7.66922998428	-0.003125
7.6791138649	-0.00325
7.68897390366	-0.003125
7.69883584976	-0.00325
7.70883488655	-0.002875
7.71879076958	-0.003375
7.72884988785	-0.003
7.73909687996	-0.003125
7.74910783768	-0.003
7.75913286209	-0.003375
7.76910090446	-0.003375
7.77901983261	-0.003375
7.78890180588	-0.003
7.79876685143	-0.0035
7.80878782272	-0.003
7.81874895096	-0.003125
7.82862091064	-0.003
7.83848881721	-0.0035
7.84839487076	-0.00325
7.85842680931	-0.00325
7.86838793755	-0.002875
7.87827181816	-0.003375
7.8881289959	-0.003125
7.89799189568	-0.00325
7.90803098679	-0.003125
7.91799783707	-0.003375
7.92786693573	-0.003
7.93773198128	-0.00325
7.94758987427	-0.003125
7.95762777328	-0.00325
7.96759080887	-0.003
7.97747683525	-0.00325
7.98733782768	-0.003125
7.99722695351	-0.003125
8.00724196434	-0.003125
