
raw_voltage_data
-0.00325 -0.003125 -0.002875 0.205375 0.343 0.3835 0.411625 0.434 0.452875 0.46975 0.48425 0.496875 0.508125 0.518 0.526375 0.533625 0.54 0.545625 0.5505 0.554875 0.55875 0.56225 0.565375 0.56825 0.571 0.573375 0.575625 0.57775 0.579625 0.5815 0.58325 0.58475 0.58625 0.58775 0.589 0.59025 0.5915 0.592625 0.59375 0.59475 0.59575 0.59675 0.59775 0.5985 0.599375 0.60025 0.601 0.60175 0.6025 0.60325 0.604 0.60475 0.605375 0.606 0.60675 0.607375 0.608 0.608625 0.60925 0.609875 0.6105 0.611125 0.61175 0.61225 0.61275 0.613375 0.613875 0.614375 0.614875 0.615375 0.615875 0.616375 0.61675 0.61725 0.61775 0.618125 0.618625 0.619 0.6195 0.619875 0.62025 0.620625 0.621125 0.621375 0.62175 0.622125 0.6225 0.622875 0.62325 0.6235 0.62375 0.624125 0.6245 0.62475 0.625125 0.625375 0.62575 0.625875 0.62625 0.6265 0.62675 0.627 0.62725 0.6275 0.62775 0.628 0.62825 0.6285 0.62875 0.629 0.62925 0.6295 0.629625 0.629875 0.630125 0.63025 0.6305 0.63075 0.631 0.631375 0.631375 0.631375 0.631375 0.631375 0.63125 0.63125 0.63125 0.63125 
-0.002875 -0.003 -0.00275 0.1975 0.34025 0.381125 0.409375 0.431875 0.450875 0.467875 0.482375 0.49525 0.506375 0.516375 0.52475 0.532 0.538375 0.544125 0.549 0.55325 0.557125 0.56075 0.563875 0.56675 0.569375 0.571875 0.574125 0.57625 0.578125 0.58 0.58175 0.58325 0.584875 0.58625 0.5875 0.58875 0.59 0.59125 0.59225 0.593375 0.594375 0.595375 0.59625 0.597125 0.598125 0.598875 0.59975 0.6005 0.601375 0.602 0.602875 0.6035 0.60425 0.604875 0.605625 0.60625 0.606875 0.6075 0.608125 0.60875 0.609375 0.61 0.610625 0.611125 0.61175 0.61225 0.612875 0.613375 0.613875 0.614375 0.614875 0.615375 0.615875 0.616375 0.61675 0.61725 0.617625 0.618125 0.618625 0.619 0.6195 0.619875 0.62025 0.620625 0.621 0.621375 0.62175 0.622125 0.6225 0.62275 0.623125 0.623375 0.62375 0.624 0.624375 0.62475 0.625 0.62525 0.625625 0.625875 0.62625 0.6265 0.62675 0.627 0.62725 0.6275 0.627875 0.628125 0.62825 0.6285 0.62875 0.628875 0.629125 0.629375 0.629625 0.629875 0.630125 0.63025 0.6305 0.630875 0.630875 0.630875 0.630875 0.630875 0.630875 0.630875 0.630875 0.630875 
-0.002875 -0.003 -0.00275 0.196625 0.34 0.380875 0.40925 0.43175 0.45075 0.46775 0.48225 0.495 0.506125 0.516125 0.5245 0.53175 0.538125 0.54375 0.54875 0.553 0.557 0.5605 0.563625 0.566625 0.56925 0.571625 0.573875 0.576125 0.578 0.58 0.581625 0.583125 0.58475 0.586125 0.5875 0.58875 0.59 0.59125 0.59225 0.593375 0.59425 0.595375 0.59625 0.597125 0.598 0.59875 0.5995 0.600375 0.60125 0.601875 0.60275 0.603375 0.604125 0.60475 0.6055 0.606125 0.606875 0.6075 0.608125 0.60875 0.609375 0.61 0.6105 0.611125 0.611625 0.61225 0.61275 0.613375 0.613875 0.614375 0.614875 0.615375 0.61575 0.61625 0.61675 0.617125 0.61775 0.618125 0.6185 0.619 0.619375 0.61975 0.62025 0.620625 0.621 0.621375 0.62175 0.622 0.622375 0.62275 0.623125 0.6235 0.62375 0.624 0.624375 0.624625 0.624875 0.62525 0.6255 0.625875 0.626125 0.626375 0.626625 0.627 0.627125 0.627375 0.627625 0.628 0.62825 0.628375 0.628625 0.629 0.629125 0.629375 0.629625 0.629875 0.630125 0.63025 0.6305 0.630875 0.630875 0.630875 0.630875 0.630875 0.630875 0.630875 0.63075 0.63075 

raw_ground_pin_data
-52.0 -52.0 -52.0 -49.0 -46.0 -46.0 -45.0 -44.0 -44.0 -44.0 -43.0 -43.0 -43.0 -42.0 -42.0 -42.0 -41.0 -41.0 -40.0 -40.0 -40.0 -40.0 -39.0 -39.0 -39.0 -39.0 -38.0 -38.0 -38.0 -38.0 -37.0 -37.0 -37.0 -36.0 -36.0 -36.0 -36.0 -35.0 -35.0 -34.0 -35.0 -34.0 -33.0 -34.0 -34.0 -33.0 -33.0 -33.0 -32.0 -32.0 -32.0 -32.0 -31.0 -31.0 -31.0 -31.0 -30.0 -30.0 -30.0 -30.0 -30.0 -29.0 -29.0 -29.0 -28.0 -28.0 -28.0 -27.0 -27.0 -27.0 -27.0 -26.0 -26.0 -26.0 -26.0 -26.0 -25.0 -25.0 -25.0 -25.0 -24.0 -24.0 -24.0 -24.0 -23.0 -23.0 -23.0 -23.0 -22.0 -22.0 -22.0 -22.0 -21.0 -21.0 -21.0 -21.0 -20.0 -20.0 -20.0 -20.0 -19.0 -20.0 -19.0 -19.0 -19.0 -18.0 -18.0 -18.0 -18.0 -18.0 -17.0 -18.0 -17.0 -17.0 -17.0 -17.0 -16.0 -16.0 -16.0 -15.0 -15.0 -15.0 -15.0 -15.0 -15.0 -15.0 -15.0 -15.0 
-53.0 -53.0 -53.0 -49.0 -47.0 -46.0 -46.0 -45.0 -45.0 -44.0 -44.0 -43.0 -43.0 -43.0 -43.0 -42.0 -42.0 -42.0 -42.0 -41.0 -41.0 -40.0 -40.0 -40.0 -39.0 -39.0 -39.0 -39.0 -38.0 -38.0 -37.0 -38.0 -38.0 -37.0 -36.0 -36.0 -36.0 -36.0 -36.0 -35.0 -35.0 -35.0 -34.0 -34.0 -34.0 -34.0 -33.0 -33.0 -33.0 -33.0 -33.0 -32.0 -32.0 -32.0 -32.0 -31.0 -31.0 -31.0 -31.0 -30.0 -30.0 -30.0 -29.0 -29.0 -29.0 -29.0 -28.0 -28.0 -28.0 -27.0 -27.0 -27.0 -27.0 -27.0 -26.0 -26.0 -26.0 -25.0 -26.0 -25.0 -25.0 -25.0 -24.0 -24.0 -24.0 -24.0 -23.0 -23.0 -23.0 -23.0 -22.0 -22.0 -22.0 -22.0 -22.0 -21.0 -21.0 -21.0 -21.0 -20.0 -20.0 -20.0 -20.0 -19.0 -19.0 -19.0 -19.0 -19.0 -18.0 -18.0 -18.0 -18.0 -18.0 -17.0 -17.0 -16.0 -17.0 -16.0 -16.0 -16.0 -16.0 -15.0 -15.0 -16.0 -15.0 -15.0 -15.0 -15.0 
-53.0 -53.0 -53.0 -50.0 -47.0 -46.0 -46.0 -46.0 -45.0 -45.0 -44.0 -44.0 -44.0 -43.0 -43.0 -43.0 -42.0 -42.0 -41.0 -41.0 -41.0 -41.0 -40.0 -40.0 -40.0 -39.0 -39.0 -38.0 -38.0 -38.0 -38.0 -38.0 -37.0 -37.0 -37.0 -36.0 -36.0 -36.0 -36.0 -35.0 -35.0 -35.0 -35.0 -34.0 -34.0 -34.0 -33.0 -33.0 -33.0 -33.0 -33.0 -32.0 -32.0 -32.0 -31.0 -31.0 -31.0 -31.0 -31.0 -30.0 -30.0 -30.0 -29.0 -29.0 -29.0 -29.0 -28.0 -29.0 -28.0 -28.0 -28.0 -27.0 -27.0 -27.0 -27.0 -26.0 -26.0 -26.0 -26.0 -25.0 -25.0 -25.0 -25.0 -24.0 -24.0 -24.0 -24.0 -23.0 -23.0 -23.0 -22.0 -22.0 -22.0 -22.0 -22.0 -21.0 -21.0 -21.0 -21.0 -20.0 -20.0 -20.0 -20.0 -19.0 -20.0 -19.0 -19.0 -18.0 -18.0 -18.0 -18.0 -18.0 -18.0 -17.0 -17.0 -18.0 -17.0 -16.0 -16.0 -16.0 -16.0 -16.0 -15.0 -15.0 -15.0 -15.0 -15.0 -15.0 

raw_ref_voltage_data
16404.0 16403.0 16403.0 16403.0 16403.0 16403.0 16403.0 16403.0 16403.0 16403.0 16403.0 16403.0 16403.0 16403.0 16403.0 16403.0 16403.0 16403.0 16403.0 16403.0 16403.0 16403.0 16403.0 16403.0 16403.0 16403.0 16403.0 16403.0 16403.0 16403.0 16403.0 16403.0 16403.0 16403.0 16403.0 16403.0 16403.0 16403.0 16403.0 16403.0 16403.0 16403.0 16403.0 16403.0 16403.0 16403.0 16403.0 16403.0 16403.0 16404.0 16403.0 16403.0 16403.0 16403.0 16403.0 16403.0 16403.0 16403.0 16403.0 16403.0 16403.0 16403.0 16403.0 16403.0 16403.0 16403.0 16403.0 16403.0 16403.0 16403.0 16403.0 16403.0 16403.0 16403.0 16403.0 16404.0 16403.0 16403.0 16403.0 16403.0 16403.0 16403.0 16403.0 16403.0 16403.0 16403.0 16403.0 16403.0 16403.0 16403.0 16403.0 16403.0 16403.0 16403.0 16403.0 16403.0 16403.0 16403.0 16403.0 16403.0 16403.0 16403.0 16403.0 16403.0 16403.0 16403.0 16403.0 16403.0 16403.0 16403.0 16403.0 16403.0 16403.0 16403.0 16403.0 16403.0 16403.0 16403.0 16403.0 16403.0 16403.0 16403.0 16403.0 16403.0 16403.0 16403.0 16403.0 16403.0 
16403.0 16403.0 16403.0 16403.0 16403.0 16403.0 16403.0 16403.0 16404.0 16403.0 16404.0 16403.0 16403.0 16403.0 16403.0 16403.0 16404.0 16403.0 16403.0 16404.0 16403.0 16404.0 16404.0 16403.0 16403.0 16404.0 16403.0 16403.0 16403.0 16404.0 16403.0 16403.0 16403.0 16404.0 16403.0 16403.0 16403.0 16403.0 16403.0 16404.0 16403.0 16403.0 16403.0 16403.0 16403.0 16403.0 16403.0 16403.0 16403.0 16403.0 16403.0 16403.0 16403.0 16403.0 16403.0 16403.0 16403.0 16403.0 16403.0 16403.0 16403.0 16403.0 16403.0 16403.0 16403.0 16403.0 16403.0 16403.0 16403.0 16403.0 16403.0 16403.0 16403.0 16403.0 16403.0 16403.0 16404.0 16403.0 16403.0 16403.0 16403.0 16403.0 16403.0 16403.0 16403.0 16403.0 16403.0 16403.0 16403.0 16404.0 16403.0 16403.0 16404.0 16403.0 16403.0 16403.0 16403.0 16403.0 16403.0 16403.0 16403.0 16403.0 16403.0 16403.0 16403.0 16403.0 16403.0 16403.0 16403.0 16403.0 16403.0 16403.0 16403.0 16403.0 16403.0 16403.0 16403.0 16403.0 16403.0 16403.0 16403.0 16403.0 16403.0 16403.0 16403.0 16403.0 16403.0 16403.0 
16404.0 16403.0 16403.0 16403.0 16403.0 16403.0 16403.0 16403.0 16403.0 16403.0 16403.0 16403.0 16403.0 16404.0 16403.0 16403.0 16403.0 16403.0 16404.0 16403.0 16403.0 16403.0 16403.0 16403.0 16403.0 16403.0 16403.0 16403.0 16403.0 16403.0 16403.0 16403.0 16403.0 16403.0 16403.0 16403.0 16403.0 16403.0 16403.0 16403.0 16404.0 16403.0 16403.0 16403.0 16403.0 16403.0 16403.0 16403.0 16403.0 16403.0 16403.0 16404.0 16403.0 16403.0 16404.0 16403.0 16403.0 16403.0 16403.0 16403.0 16403.0 16403.0 16403.0 16403.0 16403.0 16403.0 16403.0 16403.0 16403.0 16403.0 16403.0 16403.0 16403.0 16403.0 16403.0 16403.0 16403.0 16403.0 16403.0 16403.0 16403.0 16403.0 16403.0 16403.0 16403.0 16403.0 16403.0 16403.0 16403.0 16403.0 16403.0 16403.0 16403.0 16403.0 16403.0 16403.0 16403.0 16403.0 16403.0 16403.0 16403.0 16403.0 16403.0 16403.0 16403.0 16403.0 16402.0 16404.0 16403.0 16403.0 16404.0 16404.0 16403.0 16403.0 16403.0 16403.0 16403.0 16403.0 16403.0 16403.0 16403.0 16403.0 16403.0 16403.0 16403.0 16403.0 16403.0 16403.0 
