
raw_voltage_data
-0.002 -0.002 -0.00175 0.188 0.338625 0.37975 0.408125 0.430625 0.449625 0.4665 0.480875 0.493375 0.504375 0.51425 0.522375 0.5295 0.535625 0.54125 0.546 0.55025 0.554125 0.557625 0.56075 0.563625 0.566125 0.568625 0.570875 0.572875 0.57475 0.576625 0.57825 0.579875 0.581375 0.58275 0.584 0.58525 0.5865 0.587625 0.58875 0.58975 0.59075 0.59175 0.592625 0.5935 0.594375 0.595125 0.596 0.59675 0.5975 0.59825 0.599 0.59975 0.600375 0.601125 0.60175 0.602375 0.603125 0.603625 0.604375 0.604875 0.6055 0.606125 0.60675 0.60725 0.60775 0.608375 0.608875 0.609375 0.609875 0.610375 0.610875 0.611375 0.61175 0.61225 0.61275 0.613125 0.613625 0.614 0.614375 0.614875 0.61525 0.615625 0.616 0.616375 0.61675 0.617125 0.617375 0.61775 0.618125 0.618375 0.61875 0.619125 0.619375 0.619625 0.62 0.62025 0.6205 0.62075 0.621125 0.621375 0.621625 0.621875 0.622125 0.622375 0.622625 0.622875 0.623125 0.623375 0.623625 0.62375 0.624 0.62425 0.6245 0.624625 0.624875 0.625125 0.62525 0.6255 0.62575 0.626125 0.626125 0.626 0.626 0.626 0.626 0.626 0.625875 0.625875 
-0.001625 -0.00175 -0.001625 0.181125 0.336 0.377625 0.406125 0.42875 0.447875 0.464875 0.47925 0.492 0.502875 0.512625 0.520875 0.528 0.534125 0.539875 0.544625 0.548875 0.552625 0.55625 0.559375 0.562125 0.56475 0.56725 0.569375 0.5715 0.573375 0.57525 0.576875 0.5785 0.58 0.581375 0.58275 0.584 0.585125 0.586375 0.587375 0.5885 0.5895 0.590375 0.591375 0.59225 0.593125 0.593875 0.59475 0.5955 0.59625 0.597 0.59775 0.5985 0.59925 0.599875 0.600625 0.60125 0.601875 0.6025 0.60325 0.603875 0.604375 0.605 0.605625 0.606125 0.60675 0.60725 0.607875 0.608375 0.608875 0.609375 0.609875 0.610375 0.610875 0.61125 0.61175 0.61225 0.612625 0.613125 0.6135 0.613875 0.61425 0.614625 0.615125 0.6155 0.615875 0.616125 0.6165 0.616875 0.61725 0.6175 0.617875 0.61825 0.6185 0.618875 0.619125 0.6195 0.61975 0.62 0.620375 0.620625 0.620875 0.621125 0.621375 0.621625 0.621875 0.622125 0.622375 0.622625 0.622875 0.623125 0.623375 0.623625 0.62375 0.624 0.62425 0.624375 0.624625 0.624875 0.625125 0.625375 0.625375 0.625375 0.625375 0.625375 0.625375 0.625375 0.625375 0.625375 
-0.001625 -0.00175 -0.001625 0.17975 0.3355 0.377 0.4055 0.42825 0.44725 0.464375 0.47875 0.491375 0.5025 0.51225 0.5205 0.527625 0.53375 0.539375 0.544125 0.548375 0.55225 0.55575 0.558875 0.56175 0.564375 0.56675 0.569 0.571 0.573 0.574875 0.5765 0.578125 0.579625 0.581 0.582375 0.583625 0.584875 0.586 0.587125 0.588125 0.589125 0.590125 0.591 0.591875 0.59275 0.593625 0.5945 0.59525 0.596 0.59675 0.5975 0.59825 0.598875 0.599625 0.600375 0.601 0.601625 0.60225 0.602875 0.6035 0.604125 0.60475 0.605375 0.605875 0.6065 0.607 0.607625 0.608125 0.608625 0.609125 0.609625 0.610125 0.610625 0.611125 0.6115 0.612 0.612375 0.612875 0.61325 0.61375 0.614125 0.6145 0.614875 0.615375 0.615625 0.616 0.616375 0.61675 0.617125 0.617375 0.61775 0.618125 0.618375 0.618625 0.619 0.61925 0.619625 0.619875 0.620125 0.6205 0.62075 0.621 0.62125 0.6215 0.62175 0.622 0.62225 0.6225 0.62275 0.623 0.62325 0.6235 0.623625 0.623875 0.624125 0.62425 0.6245 0.62475 0.625 0.625375 0.625375 0.625375 0.62525 0.62525 0.62525 0.62525 0.62525 0.62525 

raw_ground_pin_data
-43.0 -43.0 -42.0 -40.0 -38.0 -37.0 -36.0 -36.0 -36.0 -35.0 -35.0 -35.0 -34.0 -34.0 -33.0 -34.0 -33.0 -33.0 -33.0 -32.0 -32.0 -32.0 -32.0 -31.0 -31.0 -31.0 -31.0 -30.0 -30.0 -30.0 -30.0 -29.0 -29.0 -29.0 -29.0 -29.0 -29.0 -28.0 -28.0 -28.0 -28.0 -27.0 -27.0 -27.0 -27.0 -27.0 -26.0 -26.0 -26.0 -26.0 -26.0 -25.0 -25.0 -25.0 -25.0 -25.0 -24.0 -24.0 -24.0 -24.0 -23.0 -24.0 -23.0 -23.0 -23.0 -23.0 -23.0 -22.0 -22.0 -22.0 -22.0 -22.0 -21.0 -21.0 -21.0 -21.0 -20.0 -20.0 -20.0 -20.0 -20.0 -19.0 -19.0 -19.0 -19.0 -19.0 -19.0 -18.0 -18.0 -18.0 -18.0 -18.0 -17.0 -17.0 -17.0 -17.0 -17.0 -16.0 -16.0 -16.0 -16.0 -16.0 -16.0 -15.0 -15.0 -15.0 -15.0 -15.0 -15.0 -14.0 -14.0 -14.0 -14.0 -14.0 -14.0 -13.0 -13.0 -13.0 -13.0 -13.0 -13.0 -13.0 -12.0 -12.0 -12.0 -12.0 -12.0 -12.0 
-43.0 -43.0 -43.0 -40.0 -38.0 -37.0 -37.0 -37.0 -36.0 -36.0 -36.0 -35.0 -35.0 -35.0 -34.0 -34.0 -34.0 -34.0 -33.0 -33.0 -33.0 -33.0 -32.0 -32.0 -32.0 -32.0 -31.0 -31.0 -31.0 -31.0 -30.0 -30.0 -30.0 -30.0 -29.0 -29.0 -29.0 -29.0 -28.0 -28.0 -28.0 -28.0 -28.0 -27.0 -27.0 -27.0 -27.0 -27.0 -26.0 -26.0 -26.0 -26.0 -26.0 -26.0 -25.0 -25.0 -25.0 -25.0 -24.0 -24.0 -24.0 -24.0 -24.0 -23.0 -23.0 -23.0 -23.0 -23.0 -22.0 -22.0 -22.0 -22.0 -22.0 -21.0 -21.0 -21.0 -21.0 -20.0 -20.0 -20.0 -20.0 -20.0 -19.0 -19.0 -19.0 -19.0 -19.0 -19.0 -18.0 -18.0 -18.0 -18.0 -18.0 -17.0 -17.0 -17.0 -17.0 -17.0 -16.0 -16.0 -16.0 -16.0 -16.0 -16.0 -15.0 -15.0 -15.0 -15.0 -15.0 -15.0 -14.0 -14.0 -14.0 -14.0 -14.0 -13.0 -13.0 -13.0 -13.0 -13.0 -13.0 -13.0 -13.0 -13.0 -12.0 -12.0 -12.0 -12.0 
-43.0 -43.0 -43.0 -40.0 -38.0 -37.0 -37.0 -37.0 -36.0 -36.0 -36.0 -35.0 -35.0 -35.0 -34.0 -34.0 -34.0 -34.0 -33.0 -33.0 -33.0 -32.0 -32.0 -32.0 -32.0 -31.0 -31.0 -31.0 -31.0 -30.0 -30.0 -30.0 -30.0 -30.0 -29.0 -29.0 -29.0 -28.0 -28.0 -28.0 -28.0 -28.0 -28.0 -27.0 -27.0 -27.0 -27.0 -27.0 -26.0 -26.0 -26.0 -26.0 -26.0 -25.0 -25.0 -25.0 -25.0 -25.0 -24.0 -24.0 -24.0 -24.0 -23.0 -23.0 -23.0 -23.0 -23.0 -23.0 -22.0 -22.0 -22.0 -22.0 -22.0 -21.0 -21.0 -21.0 -21.0 -20.0 -20.0 -20.0 -20.0 -20.0 -19.0 -19.0 -19.0 -19.0 -19.0 -18.0 -18.0 -18.0 -18.0 -18.0 -18.0 -17.0 -17.0 -17.0 -17.0 -17.0 -16.0 -16.0 -16.0 -16.0 -16.0 -16.0 -16.0 -15.0 -15.0 -15.0 -15.0 -15.0 -14.0 -14.0 -14.0 -14.0 -14.0 -13.0 -13.0 -13.0 -13.0 -13.0 -13.0 -13.0 -13.0 -12.0 -12.0 -12.0 -12.0 -12.0 

raw_ref_voltage_data
16407.0 16406.0 16407.0 16407.0 16406.0 16407.0 16407.0 16407.0 16406.0 16407.0 16407.0 16406.0 16407.0 16407.0 16407.0 16407.0 16407.0 16406.0 16407.0 16407.0 16407.0 16406.0 16407.0 16406.0 16406.0 16407.0 16407.0 16406.0 16407.0 16407.0 16407.0 16407.0 16407.0 16406.0 16407.0 16407.0 16407.0 16407.0 16407.0 16407.0 16407.0 16407.0 16407.0 16406.0 16407.0 16407.0 16407.0 16407.0 16407.0 16407.0 16407.0 16407.0 16407.0 16407.0 16407.0 16407.0 16407.0 16407.0 16407.0 16407.0 16407.0 16407.0 16407.0 16407.0 16407.0 16407.0 16407.0 16407.0 16407.0 16407.0 16407.0 16407.0 16407.0 16407.0 16407.0 16407.0 16407.0 16406.0 16407.0 16407.0 16407.0 16407.0 16407.0 16407.0 16407.0 16407.0 16407.0 16407.0 16407.0 16407.0 16407.0 16407.0 16407.0 16407.0 16407.0 16407.0 16407.0 16407.0 16407.0 16407.0 16407.0 16407.0 16407.0 16407.0 16407.0 16407.0 16407.0 16407.0 16407.0 16407.0 16407.0 16407.0 16407.0 16407.0 16407.0 16407.0 16407.0 16407.0 16407.0 16407.0 16407.0 16407.0 16406.0 16407.0 16407.0 16407.0 16407.0 16407.0 
16407.0 16407.0 16407.0 16407.0 16407.0 16407.0 16407.0 16407.0 16407.0 16407.0 16407.0 16407.0 16407.0 16407.0 16407.0 16407.0 16407.0 16407.0 16407.0 16407.0 16407.0 16407.0 16407.0 16407.0 16407.0 16407.0 16407.0 16407.0 16407.0 16407.0 16407.0 16407.0 16407.0 16407.0 16407.0 16407.0 16407.0 16407.0 16407.0 16407.0 16407.0 16407.0 16407.0 16407.0 16407.0 16407.0 16407.0 16407.0 16407.0 16407.0 16407.0 16407.0 16407.0 16407.0 16407.0 16407.0 16407.0 16407.0 16407.0 16407.0 16407.0 16407.0 16407.0 16407.0 16407.0 16407.0 16407.0 16407.0 16407.0 16407.0 16407.0 16407.0 16407.0 16407.0 16407.0 16407.0 16407.0 16407.0 16407.0 16407.0 16407.0 16407.0 16407.0 16407.0 16407.0 16407.0 16407.0 16407.0 16407.0 16407.0 16407.0 16407.0 16407.0 16407.0 16407.0 16407.0 16407.0 16407.0 16407.0 16407.0 16407.0 16407.0 16407.0 16407.0 16407.0 16407.0 16407.0 16407.0 16407.0 16407.0 16407.0 16407.0 16407.0 16407.0 16407.0 16407.0 16407.0 16407.0 16407.0 16407.0 16407.0 16407.0 16407.0 16407.0 16407.0 16407.0 16407.0 16407.0 
16407.0 16407.0 16407.0 16407.0 16407.0 16407.0 16407.0 16407.0 16407.0 16407.0 16407.0 16407.0 16407.0 16407.0 16407.0 16407.0 16407.0 16407.0 16407.0 16407.0 16407.0 16407.0 16407.0 16407.0 16407.0 16407.0 16407.0 16407.0 16407.0 16407.0 16407.0 16407.0 16407.0 16407.0 16407.0 16407.0 16407.0 16407.0 16407.0 16407.0 16407.0 16407.0 16407.0 16407.0 16407.0 16407.0 16407.0 16407.0 16407.0 16407.0 16407.0 16407.0 16407.0 16407.0 16407.0 16407.0 16407.0 16407.0 16407.0 16407.0 16407.0 16407.0 16407.0 16407.0 16407.0 16407.0 16407.0 16407.0 16407.0 16407.0 16407.0 16407.0 16407.0 16407.0 16407.0 16407.0 16407.0 16407.0 16407.0 16407.0 16407.0 16407.0 16407.0 16407.0 16407.0 16407.0 16407.0 16407.0 16407.0 16406.0 16407.0 16407.0 16407.0 16407.0 16407.0 16407.0 16407.0 16407.0 16407.0 16407.0 16407.0 16407.0 16407.0 16407.0 16407.0 16407.0 16407.0 16407.0 16407.0 16407.0 16407.0 16407.0 16407.0 16407.0 16407.0 16407.0 16407.0 16407.0 16407.0 16407.0 16407.0 16407.0 16407.0 16407.0 16407.0 16407.0 16407.0 16407.0 
