
raw_voltage_data
-0.0015 -0.0015 -0.0015 0.088625 0.300875 0.346375 0.37725 0.401125 0.42125 0.4395 0.4555 0.47 0.483125 0.495375 0.505875 0.515125 0.523375 0.530625 0.536875 0.542375 0.54725 0.551625 0.5555 0.559 0.562125 0.565 0.56775 0.570125 0.572375 0.5745 0.576375 0.578125 0.57975 0.581375 0.582875 0.58425 0.585625 0.587 0.588125 0.58925 0.590375 0.591375 0.592375 0.593375 0.59425 0.595125 0.596125 0.596875 0.59775 0.598625 0.599375 0.600125 0.600875 0.60175 0.602375 0.603125 0.603875 0.6045 0.60525 0.605875 0.6065 0.607125 0.60775 0.60825 0.608875 0.6095 0.61 0.6105 0.611 0.611625 0.612125 0.612625 0.613125 0.6135 0.614 0.6145 0.614875 0.615375 0.61575 0.61625 0.616625 0.617 0.617375 0.61775 0.618 0.618375 0.61875 0.619125 0.6195 0.61975 0.620125 0.620375 0.62075 0.621 0.62125 0.621625 0.621875 0.622125 0.622375 0.62275 0.623 0.62325 0.6235 0.62375 0.624 0.62425 0.624375 0.624625 0.624875 0.625125 0.62525 0.6255 0.62575 0.626 0.626125 0.626375 0.6265 0.62675 0.627 0.62725 0.6275 0.6275 0.6275 0.627375 0.627375 0.627375 0.627375 0.627375 
-0.001125 -0.00125 -0.001375 0.083 0.298125 0.344 0.375 0.399 0.41925 0.437625 0.453625 0.46825 0.481375 0.4935 0.504125 0.513375 0.5215 0.52875 0.535 0.5405 0.54525 0.54975 0.553625 0.557 0.560125 0.563125 0.56575 0.568125 0.570375 0.5725 0.574375 0.576125 0.577875 0.5795 0.581 0.582375 0.58375 0.585 0.58625 0.587375 0.5885 0.589625 0.590625 0.5915 0.5925 0.593375 0.59425 0.595125 0.596 0.596875 0.597625 0.5985 0.59925 0.6 0.60075 0.6015 0.60225 0.602875 0.603625 0.60425 0.604875 0.6055 0.60625 0.60675 0.607375 0.608 0.6085 0.609125 0.609625 0.610125 0.610625 0.611125 0.611625 0.612125 0.612625 0.613125 0.613625 0.614 0.6145 0.614875 0.61525 0.615625 0.616125 0.6165 0.61675 0.617125 0.6175 0.617875 0.61825 0.618625 0.618875 0.61925 0.6195 0.619875 0.620125 0.6205 0.62075 0.621 0.621375 0.621625 0.621875 0.622125 0.622375 0.622625 0.622875 0.623125 0.623375 0.623625 0.623875 0.624125 0.624375 0.624625 0.62475 0.625 0.62525 0.6255 0.625625 0.625875 0.626 0.626375 0.626625 0.626625 0.626625 0.6265 0.6265 0.6265 0.6265 0.6265 
-0.001125 -0.00125 -0.00125 0.081 0.297375 0.343375 0.374375 0.398375 0.41875 0.437125 0.453125 0.46775 0.48075 0.493 0.5035 0.51275 0.520875 0.528125 0.53425 0.53975 0.544625 0.549 0.552875 0.55625 0.559375 0.562375 0.565 0.567375 0.569625 0.57175 0.57375 0.5755 0.577125 0.57875 0.58025 0.58175 0.583 0.584375 0.585625 0.58675 0.58775 0.588875 0.589875 0.590875 0.591875 0.59275 0.593625 0.5945 0.595375 0.59625 0.597 0.597875 0.598625 0.599375 0.60025 0.600875 0.601625 0.602375 0.603 0.60375 0.604375 0.605 0.605625 0.60625 0.606875 0.6075 0.608 0.608625 0.609125 0.609625 0.610125 0.610625 0.61125 0.611625 0.612125 0.612625 0.613125 0.6135 0.614 0.614375 0.61475 0.615125 0.615625 0.616 0.616375 0.616625 0.617 0.617375 0.61775 0.618125 0.618375 0.61875 0.619125 0.619375 0.619625 0.62 0.62025 0.620625 0.620875 0.621125 0.621375 0.621625 0.621875 0.62225 0.622375 0.62275 0.623 0.62325 0.6235 0.62375 0.623875 0.624125 0.624375 0.624625 0.624875 0.625 0.62525 0.6255 0.62575 0.626 0.62625 0.62625 0.626125 0.626125 0.626125 0.626125 0.626125 0.626125 

raw_ground_pin_data
-39.0 -39.0 -39.0 -37.0 -34.0 -34.0 -33.0 -33.0 -32.0 -32.0 -32.0 -32.0 -31.0 -31.0 -31.0 -31.0 -30.0 -30.0 -29.0 -29.0 -29.0 -29.0 -29.0 -28.0 -28.0 -28.0 -28.0 -27.0 -27.0 -27.0 -27.0 -26.0 -26.0 -26.0 -26.0 -26.0 -25.0 -25.0 -25.0 -25.0 -25.0 -24.0 -24.0 -24.0 -23.0 -23.0 -23.0 -23.0 -23.0 -23.0 -22.0 -22.0 -22.0 -22.0 -21.0 -21.0 -21.0 -21.0 -21.0 -20.0 -20.0 -20.0 -20.0 -20.0 -19.0 -19.0 -19.0 -19.0 -19.0 -18.0 -18.0 -18.0 -18.0 -18.0 -17.0 -17.0 -17.0 -17.0 -17.0 -16.0 -16.0 -16.0 -16.0 -16.0 -15.0 -15.0 -15.0 -15.0 -15.0 -15.0 -14.0 -14.0 -14.0 -14.0 -14.0 -13.0 -13.0 -13.0 -13.0 -13.0 -12.0 -12.0 -12.0 -12.0 -12.0 -12.0 -11.0 -11.0 -11.0 -11.0 -11.0 -11.0 -10.0 -10.0 -10.0 -10.0 -10.0 -10.0 -10.0 -9.0 -9.0 -9.0 -9.0 -9.0 -9.0 -9.0 -9.0 -9.0 
-39.0 -39.0 -39.0 -38.0 -35.0 -34.0 -33.0 -33.0 -32.0 -32.0 -32.0 -31.0 -31.0 -31.0 -31.0 -30.0 -30.0 -30.0 -29.0 -29.0 -29.0 -29.0 -28.0 -28.0 -28.0 -28.0 -28.0 -27.0 -27.0 -27.0 -26.0 -26.0 -26.0 -26.0 -26.0 -25.0 -25.0 -25.0 -25.0 -25.0 -24.0 -24.0 -24.0 -24.0 -24.0 -23.0 -23.0 -23.0 -23.0 -22.0 -22.0 -22.0 -22.0 -22.0 -22.0 -21.0 -21.0 -21.0 -21.0 -20.0 -20.0 -20.0 -20.0 -20.0 -19.0 -19.0 -19.0 -19.0 -19.0 -18.0 -18.0 -18.0 -18.0 -18.0 -17.0 -17.0 -17.0 -17.0 -17.0 -16.0 -16.0 -16.0 -16.0 -15.0 -15.0 -15.0 -15.0 -15.0 -14.0 -14.0 -14.0 -14.0 -14.0 -14.0 -13.0 -13.0 -13.0 -13.0 -13.0 -13.0 -12.0 -12.0 -12.0 -12.0 -12.0 -12.0 -12.0 -11.0 -11.0 -11.0 -11.0 -11.0 -10.0 -10.0 -10.0 -10.0 -10.0 -10.0 -9.0 -9.0 -9.0 -9.0 -9.0 -9.0 -9.0 -9.0 -9.0 -9.0 
-39.0 -39.0 -39.0 -38.0 -35.0 -34.0 -33.0 -33.0 -32.0 -32.0 -32.0 -31.0 -31.0 -31.0 -31.0 -30.0 -30.0 -30.0 -30.0 -29.0 -29.0 -29.0 -29.0 -28.0 -28.0 -28.0 -27.0 -27.0 -27.0 -27.0 -27.0 -26.0 -26.0 -26.0 -26.0 -25.0 -25.0 -25.0 -25.0 -25.0 -24.0 -24.0 -24.0 -24.0 -24.0 -23.0 -23.0 -23.0 -23.0 -22.0 -22.0 -22.0 -22.0 -22.0 -22.0 -21.0 -21.0 -21.0 -20.0 -20.0 -20.0 -20.0 -20.0 -20.0 -19.0 -19.0 -19.0 -19.0 -18.0 -19.0 -18.0 -18.0 -18.0 -18.0 -17.0 -17.0 -17.0 -17.0 -17.0 -16.0 -16.0 -16.0 -16.0 -16.0 -15.0 -15.0 -15.0 -15.0 -15.0 -14.0 -14.0 -14.0 -14.0 -14.0 -13.0 -13.0 -13.0 -13.0 -13.0 -13.0 -12.0 -12.0 -12.0 -12.0 -12.0 -12.0 -12.0 -11.0 -11.0 -11.0 -11.0 -10.0 -11.0 -10.0 -10.0 -10.0 -10.0 -10.0 -9.0 -9.0 -9.0 -9.0 -9.0 -9.0 -9.0 -9.0 -9.0 -8.0 

raw_ref_voltage_data
16406.0 16406.0 16406.0 16406.0 16406.0 16406.0 16407.0 16406.0 16406.0 16406.0 16406.0 16406.0 16406.0 16406.0 16406.0 16406.0 16406.0 16406.0 16406.0 16406.0 16406.0 16406.0 16406.0 16406.0 16406.0 16406.0 16406.0 16406.0 16406.0 16406.0 16406.0 16406.0 16406.0 16406.0 16406.0 16406.0 16406.0 16406.0 16406.0 16406.0 16406.0 16406.0 16406.0 16406.0 16406.0 16406.0 16406.0 16406.0 16406.0 16406.0 16406.0 16406.0 16406.0 16406.0 16406.0 16406.0 16406.0 16406.0 16406.0 16406.0 16406.0 16406.0 16406.0 16406.0 16406.0 16406.0 16406.0 16406.0 16406.0 16406.0 16406.0 16406.0 16406.0 16406.0 16406.0 16406.0 16406.0 16406.0 16406.0 16406.0 16406.0 16406.0 16406.0 16406.0 16406.0 16406.0 16406.0 16406.0 16406.0 16406.0 16406.0 16406.0 16406.0 16406.0 16406.0 16406.0 16406.0 16406.0 16406.0 16406.0 16406.0 16406.0 16406.0 16406.0 16406.0 16406.0 16406.0 16406.0 16406.0 16406.0 16406.0 16406.0 16406.0 16406.0 16406.0 16406.0 16406.0 16406.0 16406.0 16406.0 16406.0 16406.0 16406.0 16406.0 16406.0 16406.0 16406.0 16406.0 
16406.0 16406.0 16406.0 16406.0 16406.0 16406.0 16406.0 16406.0 16406.0 16406.0 16406.0 16406.0 16406.0 16406.0 16406.0 16406.0 16406.0 16406.0 16406.0 16406.0 16406.0 16406.0 16406.0 16406.0 16406.0 16406.0 16406.0 16406.0 16406.0 16406.0 16406.0 16406.0 16406.0 16406.0 16406.0 16406.0 16406.0 16406.0 16406.0 16406.0 16406.0 16406.0 16406.0 16406.0 16406.0 16406.0 16406.0 16406.0 16406.0 16406.0 16406.0 16406.0 16406.0 16406.0 16406.0 16406.0 16406.0 16406.0 16406.0 16406.0 16406.0 16406.0 16406.0 16406.0 16406.0 16406.0 16406.0 16406.0 16406.0 16406.0 16406.0 16406.0 16406.0 16406.0 16406.0 16406.0 16406.0 16406.0 16406.0 16406.0 16406.0 16406.0 16406.0 16406.0 16406.0 16406.0 16406.0 16406.0 16406.0 16406.0 16406.0 16406.0 16406.0 16406.0 16406.0 16406.0 16406.0 16406.0 16406.0 16406.0 16406.0 16406.0 16406.0 16406.0 16406.0 16406.0 16406.0 16406.0 16406.0 16406.0 16406.0 16406.0 16406.0 16406.0 16406.0 16406.0 16406.0 16406.0 16406.0 16406.0 16406.0 16406.0 16406.0 16406.0 16406.0 16406.0 16406.0 16406.0 
16406.0 16406.0 16406.0 16406.0 16406.0 16406.0 16406.0 16406.0 16406.0 16406.0 16406.0 16406.0 16406.0 16406.0 16406.0 16406.0 16406.0 16406.0 16406.0 16406.0 16406.0 16406.0 16406.0 16406.0 16406.0 16406.0 16406.0 16406.0 16406.0 16406.0 16406.0 16406.0 16406.0 16406.0 16406.0 16407.0 16406.0 16407.0 16407.0 16406.0 16407.0 16406.0 16406.0 16406.0 16406.0 16406.0 16406.0 16406.0 16406.0 16406.0 16407.0 16406.0 16406.0 16407.0 16406.0 16406.0 16406.0 16406.0 16406.0 16406.0 16406.0 16406.0 16406.0 16406.0 16406.0 16406.0 16406.0 16406.0 16406.0 16406.0 16406.0 16406.0 16406.0 16406.0 16406.0 16406.0 16406.0 16406.0 16406.0 16406.0 16406.0 16407.0 16406.0 16406.0 16406.0 16406.0 16406.0 16406.0 16406.0 16406.0 16406.0 16406.0 16406.0 16406.0 16406.0 16406.0 16406.0 16407.0 16406.0 16407.0 16406.0 16406.0 16406.0 16407.0 16407.0 16407.0 16406.0 16406.0 16406.0 16406.0 16406.0 16406.0 16407.0 16407.0 16406.0 16407.0 16406.0 16406.0 16406.0 16407.0 16406.0 16406.0 16406.0 16406.0 16406.0 16406.0 16406.0 16406.0 
