
raw_voltage_data
-0.002625 -0.002625 -0.0025 0.103625 0.317625 0.3635 0.394375 0.418625 0.43875 0.45675 0.47225 0.485625 0.497625 0.508125 0.517 0.52475 0.5315 0.5375 0.54275 0.547375 0.551375 0.555125 0.558375 0.561375 0.564125 0.56675 0.569125 0.57125 0.57325 0.575125 0.576875 0.5785 0.58 0.5815 0.582875 0.584125 0.585375 0.586625 0.587625 0.58875 0.58975 0.59075 0.591625 0.592625 0.5935 0.59425 0.595125 0.595875 0.596625 0.597375 0.598125 0.598875 0.599625 0.60025 0.601 0.601625 0.60225 0.602875 0.6035 0.604125 0.60475 0.605375 0.606 0.6065 0.607 0.607625 0.608125 0.60875 0.609125 0.609625 0.610125 0.610625 0.611125 0.611625 0.612 0.6125 0.612875 0.613375 0.61375 0.614125 0.614625 0.614875 0.615375 0.615625 0.616 0.616375 0.61675 0.617125 0.617375 0.61775 0.618125 0.618375 0.61875 0.619 0.61925 0.619625 0.619875 0.620125 0.620375 0.620625 0.621 0.62125 0.6215 0.62175 0.622 0.622125 0.622375 0.622625 0.622875 0.623125 0.623375 0.6235 0.62375 0.624 0.624125 0.624375 0.624625 0.62475 0.625125 0.6255 0.6255 0.6255 0.625375 0.625375 0.625375 0.625375 0.62525 0.62525 
-0.002125 -0.00225 -0.002375 0.102125 0.316875 0.362875 0.39375 0.417875 0.438 0.455875 0.47125 0.484625 0.496375 0.50675 0.515625 0.52325 0.529875 0.535875 0.541 0.5455 0.549625 0.553375 0.556625 0.55975 0.562375 0.565 0.56725 0.569375 0.571375 0.573375 0.575125 0.57675 0.57825 0.57975 0.581125 0.582375 0.583625 0.58475 0.585875 0.587 0.588 0.589 0.59 0.590875 0.59175 0.592625 0.5935 0.59425 0.595 0.595875 0.596625 0.597375 0.598125 0.59875 0.5995 0.600125 0.60075 0.6015 0.602125 0.60275 0.603375 0.604 0.604625 0.605125 0.60575 0.60625 0.606875 0.607375 0.607875 0.608375 0.608875 0.609375 0.609875 0.610375 0.610875 0.61125 0.61175 0.612125 0.612625 0.613 0.613375 0.613875 0.61425 0.614625 0.615 0.615375 0.615625 0.616 0.616375 0.61675 0.617 0.617375 0.617625 0.618 0.61825 0.618625 0.618875 0.619125 0.6195 0.61975 0.62 0.62025 0.6205 0.62075 0.621 0.62125 0.6215 0.62175 0.622 0.62225 0.6225 0.62275 0.623 0.623125 0.623375 0.623625 0.62375 0.624 0.62425 0.624625 0.624625 0.624625 0.624625 0.624625 0.624625 0.624625 0.624625 0.624625 
-0.002125 -0.00225 -0.00225 0.100875 0.31625 0.36225 0.393125 0.417375 0.4375 0.4555 0.47075 0.484125 0.495875 0.506375 0.515125 0.52275 0.529375 0.535375 0.5405 0.545 0.549125 0.552875 0.556125 0.559125 0.561875 0.564375 0.56675 0.568875 0.570875 0.57275 0.5745 0.576125 0.57775 0.57925 0.580625 0.581875 0.583125 0.584375 0.5855 0.5865 0.5875 0.5885 0.5895 0.590375 0.59125 0.592125 0.593 0.59375 0.5945 0.595375 0.596125 0.596875 0.597625 0.598375 0.599 0.599625 0.600375 0.601 0.60175 0.60225 0.603 0.6035 0.604125 0.60475 0.605375 0.605875 0.606375 0.607 0.6075 0.608 0.6085 0.608875 0.6095 0.61 0.610375 0.610875 0.611375 0.61175 0.61225 0.612625 0.613125 0.613375 0.613875 0.61425 0.614625 0.615 0.61525 0.615625 0.616 0.616375 0.61675 0.617 0.617375 0.617625 0.618 0.61825 0.6185 0.618875 0.619125 0.619375 0.619625 0.62 0.62025 0.6205 0.62075 0.621 0.62125 0.6215 0.62175 0.622 0.62225 0.6225 0.622625 0.622875 0.623125 0.623375 0.623625 0.62375 0.624 0.6245 0.624375 0.624375 0.624375 0.624375 0.624375 0.624375 0.624375 0.624375 

raw_ground_pin_data
-48.0 -48.0 -47.0 -46.0 -43.0 -42.0 -41.0 -41.0 -40.0 -40.0 -40.0 -39.0 -39.0 -39.0 -38.0 -38.0 -38.0 -38.0 -37.0 -37.0 -37.0 -36.0 -36.0 -36.0 -36.0 -35.0 -35.0 -35.0 -34.0 -34.0 -34.0 -34.0 -34.0 -33.0 -33.0 -33.0 -32.0 -32.0 -32.0 -32.0 -31.0 -31.0 -31.0 -31.0 -31.0 -30.0 -30.0 -30.0 -29.0 -29.0 -29.0 -29.0 -29.0 -29.0 -28.0 -28.0 -28.0 -28.0 -28.0 -27.0 -27.0 -27.0 -26.0 -26.0 -26.0 -26.0 -26.0 -25.0 -25.0 -25.0 -24.0 -24.0 -25.0 -24.0 -24.0 -23.0 -23.0 -23.0 -22.0 -23.0 -23.0 -22.0 -22.0 -22.0 -22.0 -21.0 -21.0 -21.0 -21.0 -20.0 -20.0 -20.0 -20.0 -20.0 -19.0 -19.0 -19.0 -19.0 -19.0 -18.0 -18.0 -18.0 -18.0 -18.0 -17.0 -17.0 -17.0 -16.0 -17.0 -16.0 -16.0 -16.0 -16.0 -16.0 -16.0 -15.0 -15.0 -15.0 -15.0 -14.0 -15.0 -14.0 -14.0 -14.0 -14.0 -14.0 -14.0 -14.0 
-47.0 -47.0 -47.0 -46.0 -42.0 -42.0 -41.0 -41.0 -40.0 -40.0 -39.0 -39.0 -39.0 -38.0 -38.0 -38.0 -37.0 -37.0 -37.0 -37.0 -36.0 -36.0 -36.0 -35.0 -35.0 -35.0 -35.0 -34.0 -34.0 -34.0 -34.0 -33.0 -33.0 -33.0 -33.0 -32.0 -32.0 -32.0 -32.0 -31.0 -31.0 -31.0 -31.0 -31.0 -31.0 -30.0 -30.0 -29.0 -29.0 -29.0 -29.0 -29.0 -28.0 -28.0 -28.0 -28.0 -28.0 -27.0 -27.0 -27.0 -27.0 -27.0 -26.0 -26.0 -26.0 -26.0 -25.0 -25.0 -25.0 -24.0 -24.0 -24.0 -24.0 -24.0 -24.0 -23.0 -24.0 -23.0 -23.0 -23.0 -22.0 -22.0 -22.0 -22.0 -21.0 -21.0 -21.0 -21.0 -21.0 -21.0 -20.0 -20.0 -20.0 -20.0 -19.0 -19.0 -19.0 -19.0 -19.0 -18.0 -18.0 -18.0 -18.0 -18.0 -18.0 -17.0 -17.0 -17.0 -17.0 -16.0 -16.0 -16.0 -16.0 -16.0 -15.0 -15.0 -15.0 -15.0 -15.0 -14.0 -14.0 -15.0 -14.0 -14.0 -14.0 -14.0 -14.0 -14.0 
-47.0 -47.0 -47.0 -45.0 -42.0 -41.0 -41.0 -41.0 -40.0 -40.0 -39.0 -39.0 -39.0 -38.0 -38.0 -38.0 -38.0 -37.0 -37.0 -37.0 -36.0 -35.0 -36.0 -35.0 -35.0 -35.0 -35.0 -34.0 -34.0 -34.0 -34.0 -33.0 -33.0 -33.0 -33.0 -33.0 -32.0 -32.0 -32.0 -31.0 -31.0 -31.0 -31.0 -31.0 -30.0 -30.0 -30.0 -29.0 -29.0 -29.0 -29.0 -29.0 -29.0 -28.0 -28.0 -28.0 -27.0 -27.0 -27.0 -27.0 -27.0 -26.0 -27.0 -26.0 -26.0 -26.0 -26.0 -25.0 -25.0 -25.0 -24.0 -24.0 -24.0 -24.0 -23.0 -23.0 -23.0 -23.0 -23.0 -22.0 -22.0 -22.0 -22.0 -22.0 -21.0 -21.0 -21.0 -20.0 -21.0 -20.0 -20.0 -20.0 -20.0 -20.0 -19.0 -19.0 -19.0 -19.0 -18.0 -18.0 -18.0 -18.0 -18.0 -18.0 -17.0 -17.0 -17.0 -17.0 -16.0 -16.0 -16.0 -16.0 -16.0 -16.0 -15.0 -15.0 -15.0 -15.0 -15.0 -14.0 -14.0 -14.0 -14.0 -14.0 -14.0 -14.0 -14.0 -14.0 

raw_ref_voltage_data
16407.0 16407.0 16407.0 16407.0 16407.0 16407.0 16407.0 16407.0 16407.0 16407.0 16407.0 16407.0 16407.0 16407.0 16407.0 16407.0 16407.0 16407.0 16407.0 16407.0 16407.0 16407.0 16407.0 16407.0 16407.0 16407.0 16407.0 16407.0 16407.0 16407.0 16407.0 16407.0 16407.0 16407.0 16407.0 16407.0 16407.0 16407.0 16407.0 16407.0 16407.0 16407.0 16407.0 16407.0 16407.0 16407.0 16407.0 16407.0 16407.0 16407.0 16407.0 16407.0 16407.0 16407.0 16407.0 16407.0 16407.0 16407.0 16407.0 16407.0 16407.0 16407.0 16407.0 16407.0 16407.0 16407.0 16407.0 16407.0 16407.0 16407.0 16407.0 16407.0 16407.0 16407.0 16407.0 16407.0 16407.0 16407.0 16407.0 16407.0 16407.0 16407.0 16407.0 16407.0 16407.0 16407.0 16407.0 16407.0 16407.0 16407.0 16407.0 16407.0 16407.0 16407.0 16407.0 16407.0 16407.0 16407.0 16407.0 16407.0 16407.0 16407.0 16407.0 16407.0 16407.0 16407.0 16407.0 16407.0 16407.0 16406.0 16407.0 16407.0 16407.0 16407.0 16407.0 16407.0 16407.0 16407.0 16407.0 16407.0 16407.0 16407.0 16407.0 16407.0 16407.0 16407.0 16407.0 16407.0 
16407.0 16406.0 16407.0 16407.0 16407.0 16408.0 16407.0 16407.0 16407.0 16407.0 16407.0 16407.0 16407.0 16407.0 16407.0 16407.0 16407.0 16407.0 16407.0 16407.0 16407.0 16407.0 16407.0 16407.0 16407.0 16407.0 16407.0 16407.0 16407.0 16407.0 16407.0 16407.0 16407.0 16407.0 16407.0 16407.0 16407.0 16407.0 16407.0 16407.0 16407.0 16407.0 16407.0 16407.0 16407.0 16407.0 16407.0 16407.0 16407.0 16407.0 16407.0 16407.0 16407.0 16407.0 16407.0 16407.0 16407.0 16407.0 16407.0 16407.0 16407.0 16407.0 16407.0 16407.0 16407.0 16407.0 16407.0 16407.0 16407.0 16407.0 16407.0 16407.0 16407.0 16407.0 16407.0 16407.0 16407.0 16407.0 16407.0 16407.0 16407.0 16407.0 16407.0 16407.0 16407.0 16407.0 16407.0 16408.0 16407.0 16407.0 16407.0 16407.0 16407.0 16407.0 16407.0 16407.0 16407.0 16407.0 16407.0 16407.0 16407.0 16407.0 16407.0 16407.0 16407.0 16407.0 16407.0 16406.0 16407.0 16407.0 16407.0 16407.0 16407.0 16407.0 16407.0 16407.0 16407.0 16407.0 16407.0 16407.0 16407.0 16407.0 16407.0 16407.0 16407.0 16407.0 16407.0 16407.0 
16407.0 16407.0 16408.0 16407.0 16407.0 16407.0 16407.0 16407.0 16407.0 16407.0 16407.0 16407.0 16407.0 16407.0 16407.0 16407.0 16407.0 16407.0 16407.0 16407.0 16407.0 16407.0 16407.0 16407.0 16407.0 16407.0 16407.0 16407.0 16407.0 16407.0 16407.0 16407.0 16407.0 16407.0 16407.0 16407.0 16407.0 16407.0 16407.0 16407.0 16407.0 16407.0 16407.0 16407.0 16407.0 16407.0 16407.0 16407.0 16407.0 16407.0 16407.0 16407.0 16407.0 16407.0 16407.0 16407.0 16407.0 16407.0 16407.0 16407.0 16407.0 16407.0 16407.0 16407.0 16407.0 16407.0 16407.0 16407.0 16407.0 16408.0 16407.0 16407.0 16407.0 16407.0 16407.0 16407.0 16407.0 16407.0 16407.0 16407.0 16407.0 16407.0 16407.0 16407.0 16407.0 16407.0 16407.0 16407.0 16407.0 16407.0 16407.0 16407.0 16407.0 16407.0 16407.0 16407.0 16407.0 16407.0 16407.0 16407.0 16407.0 16407.0 16407.0 16407.0 16407.0 16407.0 16407.0 16407.0 16407.0 16407.0 16407.0 16407.0 16407.0 16407.0 16407.0 16407.0 16407.0 16407.0 16407.0 16407.0 16407.0 16407.0 16407.0 16407.0 16407.0 16407.0 16407.0 16407.0 
