Time [s] 	 Voltage 	 Gain=4.096
0.0393149852753	0.041125
0.049204826355	0.130875
0.059054851532	0.208375
0.0688998699188	0.27925
0.0789229869843	0.34375
0.0888929367065	0.403875
0.0987689495087	0.454875
0.108632802963	0.495625
0.118491888046	0.5235
0.128473997116	0.541
0.138480901718	0.553
0.148363828659	0.561625
0.159539937973	0.568
0.169462919235	0.573625
0.179467916489	0.577625
0.189631938934	0.580625
0.199927806854	0.583375
0.209899902344	0.58575
0.219767808914	0.58775
0.229695796967	0.589375
0.239693880081	0.591
0.249575853348	0.592125
0.259430885315	0.59325
0.269286870956	0.594375
0.279190778732	0.595
0.289214849472	0.596
0.299153804779	0.59675
0.309018850327	0.59725
0.318872928619	0.598
0.328727006912	0.5985
0.338729858398	0.599
0.348704814911	0.599375
0.3585729599	0.599625
0.368426799774	0.6
0.378335952759	0.6005
0.388346910477	0.60075
0.398302793503	0.601
0.408164978027	0.601375
0.418036937714	0.6015
0.427904844284	0.601625
0.437902927399	0.602
0.447867870331	0.602125
0.457746982574	0.602
0.467604875565	0.60225
0.47746181488	0.602375
0.487473964691	0.60225
0.497659921646	0.602625
0.507667779922	0.602625
0.517540931702	0.60275
0.52742600441	0.602875
0.537453889847	0.603
0.547412872314	0.60325
0.557277917862	0.603
0.567138910294	0.60325
0.576997995377	0.60375
0.587004899979	0.60325
0.596956968307	0.603375
0.606831789017	0.603375
0.616701841354	0.603375
0.62656879425	0.6035
0.636565923691	0.6035
0.646515846252	0.6035
0.656382799149	0.6035
0.666324853897	0.603625
0.67622590065	0.603625
0.686304807663	0.603625
0.696318864822	0.603625
0.70623087883	0.603625
0.716085910797	0.603625
0.725945949554	0.603375
0.735884904861	0.60325
0.745914936066	0.6035
0.755811929703	0.603625
0.76567196846	0.603625
0.775527954102	0.603375
0.785432815552	0.60375
0.795537948608	0.60375
0.805816888809	0.60375
0.815805912018	0.603625
0.825687885284	0.603875
0.835546970367	0.603875
0.845575809479	0.603875
0.855758905411	0.603875
0.865741968155	0.60375
0.875612974167	0.60375
0.885517835617	0.60375
0.895529985428	0.60375
0.905510902405	0.60375
0.915386915207	0.60375
0.925316810608	0.60375
0.935172796249	0.6035
0.945291996002	0.603875
0.955304861069	0.60375
0.965169906616	0.603875
0.975071907043	0.60375
0.984926939011	0.603625
0.994929790497	0.603875
1.00488400459	0.603875
1.0147459507	0.604
1.02460193634	0.60375
1.03445696831	0.60375
1.04444789886	0.604
1.0544219017	0.603875
1.06436991692	0.603875
1.07422494888	0.603625
1.08410596848	0.604
1.09411597252	0.60375
1.10436892509	0.603875
1.11444783211	0.603875
1.124355793	0.603875
1.13421678543	0.60375
1.14421582222	0.603875
1.15416789055	0.60375
1.16402983665	0.604
1.17388677597	0.603875
1.18374300003	0.604
1.19373583794	0.603875
1.20368385315	0.603875
1.21355199814	0.603625
1.22340583801	0.603875
1.23327088356	0.60375
1.24326491356	0.60375
1.25322985649	0.603875
1.26309800148	0.603875
1.27295184135	0.60375
1.2828040123	0.60375
1.2927749157	0.604
1.30283689499	0.603875
1.31273794174	0.60375
1.32259678841	0.60375
1.3324508667	0.603875
1.34233283997	0.60375
1.35237693787	0.603875
1.36235189438	0.603875
1.37221693993	0.603875
1.38207292557	0.603875
1.39192700386	0.603875
1.4019639492	0.603875
1.41220378876	0.603875
1.42217993736	0.603875
1.43205189705	0.6035
1.44190883636	0.603875
1.45190882683	0.603875
1.46185493469	0.603875
1.47171497345	0.603875
1.48157382011	0.60375
1.49142694473	0.603875
1.50149297714	0.604
1.51147294044	0.604
1.52136087418	0.603875
1.53122091293	0.603875
1.54111480713	0.604
1.55115890503	0.603875
1.56116700172	0.603875
1.57108688354	0.603875
1.58095288277	0.604
1.59080791473	0.603875
1.60082793236	0.603875
1.61078095436	0.604
1.62064695358	0.604
1.63049983978	0.603875
1.64039492607	0.603875
1.65040779114	0.603875
1.66037797928	0.603875
1.67024087906	0.603875
1.68009495735	0.604
1.68994498253	0.603875
1.69995594025	0.603875
1.71018481255	0.603875
1.72042298317	0.603875
1.73038697243	0.604
1.74027395248	0.604
1.75029587746	0.603875
1.76025795937	0.60375
1.77014899254	0.60375
1.78000998497	0.603875
1.78986692429	0.603875
1.79982185364	0.603875
1.8098077774	0.603875
1.81969594955	0.603875
1.82955694199	0.603875
1.83943796158	0.603875
1.84931588173	0.603875
1.85933279991	0.604
1.86924481392	0.603875
1.87910294533	0.603625
1.88895797729	0.603875
1.89886498451	0.60375
1.9088768959	0.603875
1.91885280609	0.603875
1.92871880531	0.603875
1.9385778904	0.6035
1.94844293594	0.604125
1.95843887329	0.60375
1.96838188171	0.60375
1.97825598717	0.603875
1.98811197281	0.603625
1.99796390533	0.603875
2.00796580315	0.603875
2.01816296577	0.604
2.02814793587	0.603875
2.038022995	0.604
2.0478990078	0.60375
2.05792593956	0.60375
2.06788778305	0.604
2.07775592804	0.604
2.08761692047	0.603875
2.09747385979	0.603875
2.10749387741	0.603875
2.1174428463	0.603875
2.12731385231	0.604
2.13717198372	0.603875
2.14702582359	0.604
2.15702700615	0.603875
2.16698098183	0.603875
2.17685198784	0.603875
2.18671298027	0.603875
2.19661092758	0.604
2.20661997795	0.603875
2.21657299995	0.603875
2.22644281387	0.604
2.23630285263	0.603875
2.24629497528	0.604
2.25639200211	0.604
2.26636385918	0.603875
2.27628278732	0.603875
2.28618597984	0.603875
2.29604482651	0.604
2.30602478981	0.603875
2.31625890732	0.604
2.3265838623	0.603875
2.33660578728	0.604
2.34648084641	0.603875
2.3566608429	0.604
2.36674785614	0.603875
2.37664484978	0.603875
2.38650989532	0.603875
2.39636588097	0.604
2.40634584427	0.60375
2.41645598412	0.603875
2.4263818264	0.603875
2.43629384041	0.604
2.44619488716	0.604
2.45606589317	0.604
2.46608281136	0.604
2.47606396675	0.603875
2.48593878746	0.604
2.49579787254	0.604
2.50570583344	0.604
2.5157148838	0.603875
2.52566981316	0.603875
2.53553986549	0.604
2.54540300369	0.603875
2.55532383919	0.604125
2.56532979012	0.603875
2.5752928257	0.604
2.58515691757	0.604
2.59509181976	0.604
2.60499286652	0.603875
2.61504888535	0.604
2.62539887428	0.603875
2.63538980484	0.604
2.64530181885	0.604
2.65515995026	0.604125
2.66520190239	0.603875
2.67528796196	0.603875
2.68515396118	0.603875
2.69505095482	0.603875
2.70490694046	0.603875
2.71492481232	0.603875
2.72489690781	0.604
2.73476481438	0.603875
2.74461889267	0.604
2.75449991226	0.60425
2.76449799538	0.604
2.77445888519	0.604125
2.78432297707	0.60375
2.79417896271	0.603875
2.80403184891	0.60375
2.81402587891	0.604125
2.82397484779	0.603875
2.83386683464	0.603875
2.84372496605	0.603875
2.85358691216	0.604
2.86359500885	0.603875
2.87356901169	0.603875
2.88345193863	0.603875
2.89332485199	0.604
2.9031867981	0.604
2.91314291954	0.603875
2.92330789566	0.603875
2.93356084824	0.604
2.94354581833	0.604
2.95340681076	0.603875
2.96327495575	0.604
2.9733247757	0.604
2.98326897621	0.603875
2.99314284325	0.604
3.00299882889	0.60425
3.01289200783	0.603625
3.02290678024	0.604
3.03288984299	0.603875
3.04275584221	0.604
3.0526099205	0.60375
3.06246590614	0.603875
3.07245588303	0.603875
3.08240389824	0.603875
3.09226679802	0.604125
3.10212898254	0.603875
3.1120018959	0.603875
3.1220228672	0.603875
3.131980896	0.603875
3.1418428421	0.603875
3.15169692039	0.60375
3.16155099869	0.604
3.17154288292	0.60375
3.18148684502	0.604
3.19134998322	0.603875
3.20120477676	0.604
3.21105980873	0.603875
3.22105288506	0.60375
3.23128294945	0.604
3.24134397507	0.603875
3.25122785568	0.603875
3.26108384132	0.603875
3.27109694481	0.603875
3.28105592728	0.603875
3.29092097282	0.60375
3.30077791214	0.603875
3.31065678596	0.604
3.32064890862	0.603625
3.33062386513	0.603875
3.34049987793	0.603875
3.35035800934	0.603875
3.36021590233	0.604
3.3701980114	0.603875
3.38014698029	0.60375
3.39001488686	0.603875
3.39986991882	0.604125
3.40972185135	0.604
3.41968083382	0.604
3.4296939373	0.603875
3.43957686424	0.603875
3.44943499565	0.603875
3.45929288864	0.604
3.46914887428	0.603875
3.47916388512	0.604
3.48910188675	0.604
3.49898099899	0.603875
3.50884389877	0.603875
3.51874685287	0.604
3.5288028717	0.604
3.53903698921	0.603875
3.54901385307	0.603875
3.55888295174	0.603875
3.56874394417	0.603875
3.57875990868	0.603875
3.588752985	0.603875
3.59862780571	0.604375
3.60848379135	0.60375
3.61834287643	0.604
3.62840890884	0.603875
3.63836097717	0.604
3.64822387695	0.604
3.65808486938	0.603875
3.6811709404	0.60375
3.69123196602	0.603875
3.70111179352	0.604
3.71096682549	0.603875
3.72087287903	0.603875
3.73086881638	0.603875
3.74083089828	0.603875
3.75072193146	0.603875
3.76059579849	0.603875
3.77045679092	0.604
3.7804877758	0.603875
3.7904458046	0.604
3.80030584335	0.604
3.81016278267	0.603625
3.8200609684	0.604125
3.83008599281	0.604
3.84028196335	0.603875
3.850263834	0.603875
3.86036992073	0.604
3.87034487724	0.603875
3.8803730011	0.603875
3.89032697678	0.604
3.90020179749	0.603875
3.91005778313	0.603875
3.91991090775	0.603875
3.92997288704	0.604
3.93993878365	0.603875
3.94983291626	0.604125
3.95970988274	0.604
3.9697740078	0.604
3.98001885414	0.604
3.99000597	0.604
3.99987888336	0.604
4.00973391533	0.604
4.04868984222	0.5915
4.05856990814	0.586625
4.06842184067	0.581375
4.07830786705	0.57575
4.08833885193	0.569125
4.09825086594	0.561125
4.1081328392	0.552125
4.11799478531	0.54125
4.12790179253	0.527875
4.13800978661	0.5115
4.14824080467	0.49125
4.15821790695	0.46825
4.16807389259	0.444875
4.17793989182	0.421625
4.18794798851	0.399125
4.19789195061	0.377
4.20775699615	0.3565
4.21761393547	0.336875
4.22746896744	0.3185
4.23747491837	0.301125
4.2474398613	0.284375
4.25730895996	0.26875
4.26716589928	0.254
4.27702093124	0.24025
4.28702378273	0.227125
4.29697585106	0.214625
4.30684399605	0.20275
4.31670379639	0.19175
4.32656383514	0.181375
4.33655285835	0.1715
4.34650087357	0.162
4.35637187958	0.153125
4.36629700661	0.14475
4.37619781494	0.136875
4.38626480103	0.1295
4.39626979828	0.122125
4.40617895126	0.11575
4.4160399437	0.10925
4.4259018898	0.103375
4.4359087944	0.097625
4.44617080688	0.092375
4.45643091202	0.087125
4.46638679504	0.082125
4.47630190849	0.07775
4.48638677597	0.0735
4.49634790421	0.0695
4.50626683235	0.065625
4.5161678791	0.062
4.52602982521	0.05875
4.53604197502	0.05575
4.54599189758	0.0525
4.55586600304	0.049625
4.56572985649	0.047
4.57559084892	0.044375
4.58555388451	0.041875
4.59553980827	0.039625
4.60542678833	0.0375
4.61528992653	0.035375
4.62513995171	0.0335
4.63514900208	0.031625
4.64532589912	0.029875
4.65531086922	0.028125
4.66517782211	0.026625
4.67507886887	0.025375
4.68499684334	0.02375
4.69503378868	0.0225
4.70514583588	0.02125
4.71507287025	0.02
4.72493195534	0.019
4.73484182358	0.017875
4.7449259758	0.016875
4.75517487526	0.015875
4.76530194283	0.015125
4.77516794205	0.014125
4.78506493568	0.01325
4.79507994652	0.0125
4.80511593819	0.011875
4.81502795219	0.011125
4.82488489151	0.0105
4.83473682404	0.009875
4.84473586082	0.009375
4.85471582413	0.008625
4.86459589005	0.008125
4.87445187569	0.00775
4.88431286812	0.007375
4.89430999756	0.00675
4.90425682068	0.00625
4.91411995888	0.006
4.92397689819	0.005625
4.93383193016	0.00525
4.94385886192	0.004875
4.95381593704	0.0045
4.96368098259	0.00425
4.97353887558	0.004
4.98339700699	0.00375
4.99338388443	0.003375
5.00333595276	0.003125
5.01320099831	0.002875
5.02306294441	0.00275
5.03292179108	0.0025
5.04292178154	0.00225
5.05319690704	0.00225
5.06340098381	0.001875
5.07334184647	0.00175
5.08320593834	0.001625
5.0932059288	0.0015
5.10315895081	0.00125
5.11303186417	0.001
5.12288594246	0.001
5.13274288177	0.000875
5.14271378517	0.00075
5.15268492699	0.00075
5.16255784035	0.000625
5.17241191864	0.0005
5.18226790428	0.000375
5.1921479702	0.00025
5.20215392113	0.000125
5.21206378937	0.000125
5.2219209671	0.0
5.2317738533	0.0
5.24162888527	-0.000125
5.25166487694	-0.000125
5.2616147995	-0.000375
5.27147698402	-0.00025
5.28133177757	-0.0005
5.29118895531	-0.0005
5.3011879921	-0.0005
5.31113982201	-0.0005
5.32100892067	-0.000625
5.33086490631	-0.000625
5.34072685242	-0.00075
5.35073685646	-0.00075
5.36096978188	-0.000875
5.37096881866	-0.000875
5.38084888458	-0.001125
5.3907148838	-0.000875
5.40074682236	-0.001
5.41070699692	-0.001
5.42057585716	-0.001125
5.4304318428	-0.001125
5.44028782845	-0.001125
5.45028996468	-0.001125
5.4602329731	-0.001125
5.47011494637	-0.001125
5.47997379303	-0.00125
5.48982787132	-0.001125
5.49981689453	-0.00125
5.5097899437	-0.001125
5.51967382431	-0.00125
5.52953481674	-0.001375
5.53939390182	-0.001375
5.5494158268	-0.0015
5.55937385559	-0.001375
5.56924080849	-0.001375
5.57910394669	-0.0015
5.58895683289	-0.001375
5.5989689827	-0.0015
5.60892486572	-0.001375
5.6188018322	-0.001625
5.62866592407	-0.0015
5.63852286339	-0.001625
5.64845585823	-0.0015
5.65861487389	-0.001625
5.66889095306	-0.001375
5.67887687683	-0.001625
5.68876385689	-0.001625
5.69869279861	-0.001625
5.70876193047	-0.0015
5.7186858654	-0.001625
5.72854995728	-0.001625
5.7384159565	-0.00175
5.74832391739	-0.0015
5.75836491585	-0.001625
5.76831293106	-0.001625
5.77817893028	-0.00175
5.78804087639	-0.001625
5.7978990078	-0.00175
5.807918787	-0.00175
5.81787800789	-0.00175
5.8277528286	-0.00175
5.8376159668	-0.001625
5.8475189209	-0.001875
5.85757899284	-0.00175
5.86754894257	-0.00175
5.87741589546	-0.00175
5.88727879524	-0.002
5.89714097977	-0.001875
5.90714287758	-0.00175
5.91709280014	-0.001875
5.92696785927	-0.00175
5.93683099747	-0.001875
5.94669389725	-0.00175
5.95670294762	-0.002
5.96688485146	-0.00175
5.97688484192	-0.001875
5.98676395416	-0.001875
5.99662590027	-0.001875
6.00664281845	-0.001875
6.01660299301	-0.002
6.02648687363	-0.00175
6.03636193275	-0.001875
6.04630899429	-0.001875
6.05639600754	-0.001875
6.06636381149	-0.001875
6.07628583908	-0.002
6.08620882034	-0.001875
6.09606981277	-0.001875
6.10609483719	-0.001875
6.11605095863	-0.001875
6.12592291832	-0.001875
6.1357820034	-0.002
6.14564085007	-0.001875
6.15563893318	-0.002125
6.16560983658	-0.001875
6.17549180984	-0.002125
6.18534994125	-0.001875
6.19520187378	-0.00175
6.20518493652	-0.001875
6.21531486511	-0.001875
6.22520899773	-0.002
6.23513293266	-0.002
6.24503779411	-0.002
6.25495290756	-0.002
6.26509189606	-0.002
6.27544093132	-0.002
6.28543400764	-0.002
6.29530382156	-0.002
6.305164814	-0.001875
6.31532979012	-0.002125
6.32529783249	-0.002
6.33516287804	-0.002
6.34507679939	-0.002
6.35498285294	-0.001875
6.36498093605	-0.002
6.37494492531	-0.002
6.38482284546	-0.002
6.39467978477	-0.002
6.40453696251	-0.002
6.4145219326	-0.002125
6.42447400093	-0.002
6.43434000015	-0.002
6.44419693947	-0.002
6.45410585403	-0.00225
6.46411299706	-0.002
6.47405600548	-0.002
6.48393082619	-0.002
6.49378681183	-0.002125
6.50364398956	-0.001875
6.51363182068	-0.002125
6.5235748291	-0.002125
6.53344082832	-0.002125
6.54329895973	-0.002
6.55315589905	-0.002
6.56314778328	-0.001875
6.57340192795	-0.00225
6.5835018158	-0.002
6.5933868885	-0.002125
6.60324883461	-0.002
6.6132619381	-0.002125
6.62321591377	-0.002125
6.63308191299	-0.002125
6.64294981956	-0.002125
6.6528069973	-0.002125
6.66280984879	-0.002
6.67276597023	-0.002125
6.6826338768	-0.002125
6.69249081612	-0.002125
6.70235991478	-0.002125
6.71233487129	-0.002125
6.72231578827	-0.002
6.73219180107	-0.00225
6.74204993248	-0.002125
6.75190782547	-0.002125
6.76185297966	-0.002125
6.77189397812	-0.00225
6.78179788589	-0.002
6.79165482521	-0.002125
6.80151081085	-0.002
6.81136679649	-0.002125
6.82137680054	-0.002125
6.83133292198	-0.002
6.84120893478	-0.00225
6.85107088089	-0.00225
6.86121892929	-0.002125
6.87137389183	-0.002125
6.88161897659	-0.002125
6.89160990715	-0.002125
6.90148687363	-0.002125
6.9113509655	-0.002125
6.92136883736	-0.002
6.93132591248	-0.00225
6.94119286537	-0.002
6.95105099678	-0.00225
6.96090197563	-0.001875
6.97090578079	-0.002125
6.98085379601	-0.002125
6.99071884155	-0.002125
7.00057792664	-0.00225
7.01043701172	-0.00225
7.02044296265	-0.002125
7.030397892	-0.0025
7.04026198387	-0.002
7.05012893677	-0.00225
7.06004691124	-0.002125
7.0701379776	-0.00225
7.08010196686	-0.00225
7.08996295929	-0.00225
7.09981989861	-0.002375
7.10968995094	-0.00225
7.11972498894	-0.002
7.12968277931	-0.002125
7.13955187798	-0.00225
7.14940690994	-0.002125
7.15926384926	-0.002
7.16925978661	-0.00225
7.17948198318	-0.002125
7.18975687027	-0.00225
7.19972586632	-0.002125
7.20958781242	-0.00225
7.21958684921	-0.002125
7.22953081131	-0.002
7.23939681053	-0.002375
7.24926400185	-0.00225
7.2591278553	-0.002
7.26908397675	-0.00225
7.27910900116	-0.00225
7.2890059948	-0.002125
7.29887580872	-0.002
7.3087439537	-0.00225
7.31862282753	-0.002125
7.32864379883	-0.00225
7.33858180046	-0.002125
7.34844684601	-0.00225
7.35830378532	-0.002125
7.36820077896	-0.00225
7.37824988365	-0.00225
7.38821101189	-0.00225
7.39807391167	-0.00225
7.40792894363	-0.002
7.41780591011	-0.002125
7.42780280113	-0.002125
7.43775296211	-0.002375
7.44762396812	-0.00225
7.45749592781	-0.002125
7.46735787392	-0.00225
7.47741794586	-0.00225
7.48763990402	-0.00225
7.49763679504	-0.002125
7.50751185417	-0.00225
7.51738286018	-0.002125
7.52740287781	-0.002375
7.53736281395	-0.00225
7.54825186729	-0.002375
7.55814099312	-0.00225
7.56800889969	-0.002375
7.57810497284	-0.001875
7.58807396889	-0.00225
7.5979449749	-0.002125
7.60780882835	-0.00225
7.61766886711	-0.00225
7.62767481804	-0.00225
7.63762593269	-0.002625
7.64749598503	-0.002125
7.65736198425	-0.002125
7.66722798347	-0.00225
7.6772480011	-0.00225
7.68720984459	-0.002375
7.69707989693	-0.002
7.70693683624	-0.002375
7.716796875	-0.002125
7.72681188583	-0.00225
7.73677992821	-0.002375
7.74666595459	-0.002375
7.75655078888	-0.002
7.76641392708	-0.00225
7.77651882172	-0.002125
7.786703825	-0.00225
7.79704284668	-0.002125
7.80703377724	-0.00225
7.8169028759	-0.002125
7.82691884041	-0.002125
7.83689689636	-0.00225
7.84677195549	-0.002375
7.85663795471	-0.00225
7.86650085449	-0.00225
7.87657380104	-0.002125
7.88660883904	-0.0025
7.89650893211	-0.00225
7.90637087822	-0.002375
7.91630792618	-0.00225
7.9262239933	-0.00225
7.9363758564	-0.00225
7.94632482529	-0.002375
7.95626878738	-0.002125
7.96620297432	-0.002125
7.97611689568	-0.00225
7.98627996445	-0.002375
7.99628281593	-0.00225
8.00619482994	-0.00225
8.01606297493	-0.002125
