
raw_voltage_data
-0.0005 -0.0005 -0.0005 -0.0005 0.006875 0.1305 0.283 0.328625 0.364375 0.392375 0.414875 0.43425 0.4515 0.4675 0.481375 0.494 0.50525 0.515375 0.523875 0.531375 0.538 0.543875 0.548875 0.553375 0.5575 0.561125 0.564375 0.567375 0.57 0.572625 0.574875 0.577 0.579 0.580875 0.582625 0.58425 0.58575 0.58725 0.588625 0.589875 0.591125 0.592375 0.5935 0.5945 0.5955 0.5965 0.5975 0.598375 0.59925 0.600125 0.601 0.60175 0.602625 0.603375 0.604125 0.604875 0.605625 0.60625 0.607 0.607625 0.60825 0.608875 0.609625 0.61025 0.61075 0.611375 0.612 0.6125 0.613125 0.613625 0.614125 0.61475 0.61525 0.61575 0.61625 0.61675 0.61725 0.617625 0.618125 0.6185 0.619 0.619375 0.619875 0.62025 0.620625 0.621 0.621375 0.62175 0.622125 0.622375 0.62275 0.623125 0.623375 0.62375 0.624125 0.624375 0.624625 0.625 0.62525 0.625625 0.625875 0.626125 0.626375 0.626625 0.626875 0.627125 0.6275 0.62775 0.627875 0.628125 0.628375 0.628625 0.628875 0.629125 0.629375 0.6295 0.62975 0.63 0.63025 0.6305 0.631 0.631 0.631 0.631 0.631 0.631 0.631 0.630875 
-0.000125 -0.00025 -0.00025 -0.000375 0.00675 0.127375 0.281625 0.327375 0.36325 0.39125 0.41375 0.433125 0.4505 0.466375 0.4805 0.493 0.504125 0.51425 0.52275 0.53025 0.53675 0.542625 0.54775 0.552125 0.556125 0.559875 0.563125 0.566 0.56875 0.57125 0.573625 0.57575 0.57775 0.579625 0.58125 0.583 0.5845 0.586 0.587375 0.588625 0.589875 0.591125 0.59225 0.59325 0.594375 0.59525 0.59625 0.59725 0.598125 0.599 0.599875 0.600625 0.6015 0.60225 0.603 0.60375 0.6045 0.605125 0.605875 0.6065 0.60725 0.607875 0.6085 0.609125 0.60975 0.610375 0.611 0.6115 0.612125 0.612625 0.61325 0.61375 0.61425 0.614875 0.615375 0.615875 0.61625 0.61675 0.61725 0.61775 0.618125 0.6185 0.619 0.619375 0.61975 0.620125 0.6205 0.620875 0.621375 0.621625 0.622 0.622375 0.622625 0.623 0.623375 0.623625 0.624 0.62425 0.624625 0.624875 0.625125 0.6255 0.62575 0.626 0.62625 0.6265 0.62675 0.627 0.62725 0.6275 0.62775 0.628125 0.62825 0.6285 0.62875 0.629 0.62925 0.6295 0.629625 0.629875 0.6305 0.6305 0.6305 0.6305 0.630375 0.6305 0.630375 0.630375 
-0.000125 -0.00025 -0.000375 -0.000375 0.006625 0.126 0.281125 0.326875 0.36275 0.390875 0.413375 0.43275 0.450125 0.466125 0.480125 0.492625 0.50375 0.513875 0.522375 0.529875 0.536375 0.54225 0.547375 0.55175 0.55575 0.5595 0.56275 0.56575 0.568375 0.570875 0.57325 0.575375 0.577375 0.57925 0.581 0.582625 0.584125 0.585625 0.587 0.58825 0.5895 0.59075 0.591875 0.593 0.594 0.595 0.596 0.596875 0.59775 0.598625 0.5995 0.600375 0.601125 0.601875 0.602625 0.6035 0.604125 0.604875 0.605625 0.606375 0.607 0.607625 0.60825 0.608875 0.6095 0.610125 0.61075 0.61125 0.611875 0.612375 0.613 0.6135 0.614 0.614625 0.615125 0.615625 0.616125 0.6165 0.617 0.6175 0.617875 0.618375 0.61875 0.619125 0.6195 0.619875 0.62025 0.620625 0.621 0.621375 0.62175 0.622125 0.6225 0.62275 0.623125 0.6235 0.62375 0.624 0.624375 0.624625 0.625 0.62525 0.6255 0.62575 0.626125 0.626375 0.626625 0.626875 0.627125 0.627375 0.627625 0.627875 0.628125 0.628375 0.628625 0.62875 0.629 0.62925 0.6295 0.62975 0.63025 0.63025 0.63025 0.63025 0.63025 0.63025 0.63025 0.63025 

raw_ground_pin_data
-31.0 -31.0 -31.0 -31.0 -31.0 -28.0 -26.0 -25.0 -24.0 -23.0 -23.0 -22.0 -22.0 -22.0 -21.0 -21.0 -21.0 -20.0 -20.0 -20.0 -19.0 -19.0 -19.0 -18.0 -18.0 -18.0 -17.0 -17.0 -17.0 -16.0 -16.0 -16.0 -16.0 -15.0 -15.0 -14.0 -14.0 -14.0 -14.0 -14.0 -13.0 -13.0 -13.0 -13.0 -12.0 -12.0 -12.0 -11.0 -11.0 -11.0 -11.0 -10.0 -10.0 -10.0 -10.0 -9.0 -9.0 -9.0 -9.0 -9.0 -8.0 -8.0 -8.0 -8.0 -7.0 -7.0 -7.0 -6.0 -6.0 -6.0 -6.0 -5.0 -5.0 -5.0 -5.0 -4.0 -4.0 -4.0 -4.0 -3.0 -3.0 -3.0 -3.0 -2.0 -2.0 -2.0 -2.0 -2.0 -1.0 -1.0 -1.0 0.0 0.0 0.0 0.0 0.0 0.0 1.0 1.0 1.0 1.0 2.0 2.0 2.0 2.0 3.0 3.0 3.0 3.0 3.0 4.0 4.0 4.0 4.0 5.0 5.0 5.0 5.0 5.0 5.0 6.0 6.0 6.0 6.0 6.0 6.0 6.0 6.0 
-30.0 -30.0 -30.0 -30.0 -30.0 -28.0 -25.0 -24.0 -24.0 -23.0 -23.0 -22.0 -22.0 -21.0 -21.0 -21.0 -21.0 -20.0 -20.0 -20.0 -19.0 -19.0 -19.0 -18.0 -18.0 -18.0 -17.0 -17.0 -17.0 -16.0 -16.0 -16.0 -15.0 -15.0 -15.0 -15.0 -14.0 -14.0 -14.0 -14.0 -13.0 -13.0 -13.0 -12.0 -12.0 -12.0 -12.0 -11.0 -11.0 -11.0 -11.0 -11.0 -10.0 -10.0 -10.0 -10.0 -9.0 -9.0 -9.0 -9.0 -8.0 -8.0 -8.0 -8.0 -7.0 -7.0 -7.0 -7.0 -6.0 -6.0 -6.0 -6.0 -5.0 -5.0 -5.0 -5.0 -4.0 -4.0 -4.0 -4.0 -3.0 -3.0 -3.0 -3.0 -2.0 -2.0 -2.0 -2.0 -1.0 -1.0 -1.0 -1.0 -1.0 0.0 0.0 0.0 0.0 1.0 1.0 1.0 1.0 1.0 1.0 2.0 2.0 2.0 3.0 3.0 3.0 3.0 3.0 3.0 4.0 4.0 4.0 4.0 4.0 5.0 5.0 5.0 6.0 6.0 6.0 6.0 6.0 6.0 6.0 6.0 
-31.0 -31.0 -31.0 -30.0 -30.0 -28.0 -25.0 -25.0 -24.0 -23.0 -23.0 -22.0 -22.0 -22.0 -21.0 -21.0 -21.0 -20.0 -20.0 -20.0 -19.0 -19.0 -19.0 -18.0 -18.0 -18.0 -18.0 -17.0 -17.0 -17.0 -16.0 -16.0 -16.0 -16.0 -15.0 -15.0 -15.0 -14.0 -14.0 -14.0 -13.0 -13.0 -13.0 -13.0 -13.0 -12.0 -12.0 -12.0 -12.0 -11.0 -11.0 -11.0 -11.0 -10.0 -10.0 -10.0 -10.0 -9.0 -9.0 -9.0 -9.0 -8.0 -8.0 -8.0 -8.0 -7.0 -7.0 -7.0 -7.0 -6.0 -6.0 -6.0 -5.0 -5.0 -5.0 -5.0 -5.0 -4.0 -4.0 -4.0 -4.0 -3.0 -3.0 -3.0 -3.0 -3.0 -2.0 -2.0 -2.0 -1.0 -1.0 -1.0 -1.0 -1.0 0.0 0.0 0.0 0.0 0.0 1.0 1.0 1.0 1.0 1.0 2.0 2.0 2.0 2.0 3.0 3.0 3.0 3.0 3.0 4.0 4.0 4.0 4.0 4.0 5.0 5.0 5.0 5.0 5.0 5.0 6.0 6.0 6.0 6.0 

raw_ref_voltage_data
16406.0 16406.0 16406.0 16406.0 16406.0 16406.0 16406.0 16406.0 16406.0 16406.0 16406.0 16406.0 16406.0 16406.0 16406.0 16406.0 16406.0 16406.0 16406.0 16406.0 16406.0 16406.0 16406.0 16406.0 16406.0 16406.0 16406.0 16406.0 16406.0 16406.0 16406.0 16406.0 16406.0 16406.0 16406.0 16406.0 16406.0 16406.0 16406.0 16406.0 16406.0 16406.0 16406.0 16406.0 16406.0 16406.0 16406.0 16406.0 16406.0 16406.0 16406.0 16406.0 16406.0 16406.0 16406.0 16406.0 16406.0 16406.0 16406.0 16406.0 16406.0 16406.0 16406.0 16406.0 16406.0 16406.0 16406.0 16406.0 16406.0 16406.0 16406.0 16406.0 16406.0 16406.0 16406.0 16406.0 16406.0 16406.0 16406.0 16406.0 16406.0 16406.0 16406.0 16406.0 16406.0 16406.0 16406.0 16406.0 16406.0 16406.0 16406.0 16406.0 16406.0 16406.0 16406.0 16406.0 16406.0 16406.0 16406.0 16406.0 16406.0 16406.0 16406.0 16406.0 16406.0 16406.0 16406.0 16406.0 16406.0 16406.0 16406.0 16406.0 16406.0 16406.0 16406.0 16406.0 16406.0 16406.0 16406.0 16406.0 16406.0 16406.0 16406.0 16406.0 16406.0 16406.0 16406.0 16406.0 
16406.0 16406.0 16406.0 16406.0 16406.0 16406.0 16406.0 16406.0 16406.0 16406.0 16406.0 16406.0 16406.0 16406.0 16406.0 16406.0 16406.0 16406.0 16406.0 16406.0 16406.0 16406.0 16406.0 16406.0 16406.0 16406.0 16406.0 16406.0 16406.0 16406.0 16406.0 16406.0 16406.0 16406.0 16406.0 16406.0 16406.0 16406.0 16406.0 16406.0 16406.0 16406.0 16406.0 16406.0 16406.0 16406.0 16406.0 16406.0 16406.0 16406.0 16406.0 16406.0 16406.0 16406.0 16406.0 16406.0 16406.0 16406.0 16406.0 16406.0 16406.0 16406.0 16406.0 16406.0 16406.0 16406.0 16406.0 16406.0 16406.0 16406.0 16406.0 16406.0 16406.0 16406.0 16406.0 16406.0 16406.0 16406.0 16406.0 16406.0 16406.0 16406.0 16406.0 16406.0 16406.0 16406.0 16406.0 16406.0 16406.0 16406.0 16406.0 16406.0 16406.0 16406.0 16406.0 16406.0 16406.0 16406.0 16406.0 16406.0 16406.0 16406.0 16406.0 16406.0 16406.0 16406.0 16406.0 16406.0 16406.0 16406.0 16406.0 16406.0 16406.0 16406.0 16406.0 16406.0 16406.0 16406.0 16406.0 16406.0 16406.0 16406.0 16406.0 16406.0 16406.0 16406.0 16406.0 16406.0 
16406.0 16406.0 16406.0 16406.0 16406.0 16406.0 16406.0 16406.0 16406.0 16406.0 16406.0 16406.0 16406.0 16406.0 16406.0 16406.0 16406.0 16406.0 16406.0 16406.0 16406.0 16406.0 16406.0 16406.0 16406.0 16406.0 16406.0 16406.0 16406.0 16406.0 16406.0 16406.0 16406.0 16406.0 16406.0 16406.0 16406.0 16406.0 16406.0 16406.0 16406.0 16406.0 16406.0 16406.0 16406.0 16406.0 16406.0 16406.0 16406.0 16406.0 16406.0 16406.0 16406.0 16406.0 16406.0 16406.0 16406.0 16406.0 16406.0 16406.0 16406.0 16406.0 16406.0 16406.0 16406.0 16406.0 16406.0 16406.0 16406.0 16406.0 16406.0 16406.0 16406.0 16406.0 16406.0 16406.0 16406.0 16406.0 16406.0 16406.0 16406.0 16406.0 16406.0 16406.0 16406.0 16406.0 16406.0 16406.0 16406.0 16406.0 16406.0 16406.0 16406.0 16406.0 16406.0 16406.0 16406.0 16406.0 16406.0 16406.0 16406.0 16406.0 16406.0 16406.0 16406.0 16406.0 16406.0 16406.0 16406.0 16406.0 16406.0 16406.0 16406.0 16406.0 16406.0 16406.0 16406.0 16406.0 16406.0 16406.0 16406.0 16406.0 16406.0 16406.0 16406.0 16406.0 16406.0 16406.0 
