Time [s] 	 Voltage 	 Gain=4.096
0.0395789146423	0.006
0.0495278835297	0.005625
0.0596899986267	0.005625
0.0701570510864	0.00525
0.0808510780334	0.005
0.0910089015961	0.004875
0.101104974747	0.0045
0.11106300354	0.0045
0.121109008789	0.004375
0.131259918213	0.004125
0.141416072845	0.003875
0.15150308609	0.003875
0.162775039673	0.003625
0.172970056534	0.003625
0.183146953583	0.003375
0.193111896515	0.00325
0.203127861023	0.003125
0.21328496933	0.003
0.224066019058	0.00275
0.234668970108	0.003
0.245187997818	0.00275
0.255616903305	0.002625
0.266237974167	0.0025
0.276184082031	0.0025
0.285714864731	0.002375
0.295998096466	0.002375
0.305208921432	0.002125
0.314419984818	0.00225
0.323570013046	0.002
0.332794904709	0.002125
0.341949939728	0.001875
0.351057052612	0.002
0.360368013382	0.002
0.36962890625	0.001875
0.378880023956	0.001875
0.388043880463	0.00175
0.397219896317	0.00175
0.406436920166	0.00175
0.415593862534	0.00175
0.424829006195	0.0015
0.434103965759	0.0015
0.443361997604	0.0015
0.452605962753	0.001625
0.461766958237	0.0015
0.47098493576	0.0015
0.48024392128	0.0015
0.48953294754	0.001375
0.498710870743	0.0015
0.507802009583	0.001375
0.516910076141	0.001375
0.526047945023	0.00125
0.535265922546	0.00125
0.544378995895	0.00125
0.553582906723	0.00125
0.562731027603	0.001125
0.571825027466	0.00125
0.581024885178	0.00125
0.590187072754	0.001125
0.59928894043	0.001
0.608386993408	0.001125
0.617470979691	0.001125
0.626582860947	0.001125
0.635798931122	0.001
0.644927024841	0.000875
0.65402507782	0.001125
0.663321971893	0.001
0.672517061234	0.001
0.681724071503	0.000875
0.690890073776	0.000875
0.699991941452	0.000875
0.709084033966	0.000875
0.718173980713	0.000875
0.727269887924	0.001
0.736480951309	0.000875
0.751523017883	0.000875
0.761236906052	0.00075
0.770442962646	0.000875
0.779718875885	0.000875
0.788917064667	0.000875
0.798017024994	0.00075
0.807148933411	0.00075
0.816255092621	0.00075
0.825537919998	0.00075
0.83482003212	0.00075
0.843996047974	0.000625
0.853095054626	0.00075
0.862183094025	0.000625
0.871268987656	0.000625
0.88051700592	0.000625
0.889890909195	0.00075
0.899065971375	0.000625
0.908154964447	0.000625
0.917239904404	0.000625
0.926322937012	0.0005
0.935534954071	0.000625
0.944702863693	0.000625
0.953803062439	0.0005
0.963027000427	0.0005
0.972409009933	0.000625
0.982191085815	0.0005
0.992156982422	0.000625
1.0020198822	0.0005
1.0118830204	0.000625
1.02174401283	0.0005
1.03172492981	0.0005
1.04179096222	0.0005
1.05172991753	0.000625
1.06160306931	0.0005
1.07146286964	0.0005
1.08142495155	0.000375
1.09150505066	0.0005
1.10142397881	0.000375
1.11127901077	0.000375
1.12131404877	0.0005
1.13129091263	0.0005
1.14134907722	0.0005
1.15129208565	0.0005
1.16115498543	0.000375
1.17102003098	0.000625
1.18092703819	0.000375
1.19095087051	0.0005
1.20090198517	0.000375
1.21077299118	0.0005
1.22063589096	0.0005
1.2304918766	0.0005
1.24049496651	0.0005
1.2504658699	0.0005
1.26034188271	0.000125
1.27049899101	0.000375
1.28060293198	0.00025
1.29074788094	0.000375
1.30073904991	0.00025
1.31060886383	0.00025
1.32047796249	0.00025
1.33034086227	0.000375
1.34036707878	0.000375
1.3503139019	0.00025
1.3601770401	0.000375
1.37003803253	0.00025
1.37991905212	0.00025
1.38994002342	0.00025
1.39989686012	0.00025
1.40976691246	0.00025
1.41963505745	0.00025
1.42950606346	0.00025
1.43953490257	0.00025
1.44949388504	0.00025
1.45935988426	0.00025
1.46922588348	0.00025
1.47914505005	0.00025
1.48928499222	0.000375
1.4992609024	0.00025
1.50914287567	0.00025
1.51905798912	0.00025
1.52892208099	0.000125
1.53894400597	0.000375
1.54890489578	0.000125
1.55878591537	0.00025
1.56866598129	0.00025
1.57886505127	0.000125
1.5890750885	0.00025
1.59918689728	0.000125
1.60913991928	0.00025
1.61939406395	0.00025
1.63044595718	0.000125
1.64404702187	0.00025
1.65663099289	0.00025
1.66698908806	0.000125
1.67730808258	0.00025
1.68770003319	0.000125
1.69749403	0.00025
1.70673489571	0.000125
1.71583604813	0.000125
1.72505497932	0.00025
1.73424386978	0.00025
1.74347305298	0.000125
1.75260400772	0.00025
1.76169490814	0.000125
1.77078509331	0.00025
1.77987194061	0.000125
1.7890560627	0.000125
1.79823088646	0.000125
1.80732488632	0.000125
1.81641197205	0.000125
1.82549905777	0.000125
1.83458399773	0.00025
1.8437769413	0.000125
1.85292387009	0.00025
1.86201691628	0.000125
1.87112092972	0.000125
1.88041090965	0.000125
1.88971805573	0.000125
1.89889502525	0.000125
1.90798401833	0.000125
1.91711187363	0.000125
1.92621207237	0.000125
1.93531107903	0.000125
1.94453001022	0.0
1.95367789268	0.000125
1.96277189255	0.0
1.97186303139	0.000125
1.98097491264	0.0
1.99017906189	0.000125
1.99933290482	0.0
2.00843191147	0.0
2.01751494408	0.0
2.02674889565	0.000125
2.03590106964	0.000125
2.04510903358	0.0
2.05426096916	0.000125
2.06335401535	0.0
2.07243990898	0.000125
2.08152699471	0.0
2.09071803093	0.000125
2.09986996651	0.0
2.10896992683	0.0
2.11811208725	0.0
2.12722086906	0.000125
2.1363120079	0.000125
2.14549803734	0.0
2.15465092659	0.000125
2.16374707222	-0.000125
2.17283987999	0.000125
2.18212294579	0.000125
2.19140291214	0.0
2.20056891441	0.0
2.20966601372	0.000125
2.21901702881	0.000125
2.23580002785	0.000125
2.24525594711	0.0
2.25645589828	0.000125
2.26568889618	0.0
2.27478599548	0.0
2.28388690948	0.0
2.29297995567	0.0
2.30228304863	0.0
2.31148099899	0.0
2.32058405876	0.0
2.32967591286	0.0
2.33877086639	0.0
2.34785699844	0.0
2.35705304146	0.0
2.36620807648	-0.000125
2.37530899048	0.0
2.38462805748	0.0
2.3939409256	0.0
2.40397787094	0.0
2.41394090652	0.0
2.42381191254	-0.000125
2.43366098404	-0.000125
2.44351387024	0.0
2.45349693298	0.0
2.46344399452	-0.000125
2.47331595421	-0.000125
2.48346590996	0.0
2.49359107018	0.0
2.50366997719	-0.000125
2.51389598846	0.0
2.53059887886	0.0
2.54102087021	0.0
2.5515100956	0.0
2.56191587448	0.0
2.5721578598	0.0
2.58251190186	-0.000125
2.59287309647	0.0
2.60267806053	0.0
2.6118710041	0.0
2.62112903595	-0.000125
2.6303088665	0.0
2.63957595825	-0.000125
2.64877295494	-0.000125
2.65786790848	0.0
2.66695594788	0.0
2.67606091499	0.0
2.68514800072	-0.000125
2.69439196587	0.0
2.70357704163	-0.000125
2.71267390251	0.0
2.72176194191	0.0
2.73084998131	0.0
2.7400970459	0.0
2.74930500984	0.0
2.75840997696	-0.000125
2.76749897003	-0.000125
2.77658486366	0.0
2.78595495224	-0.000125
2.79534602165	0.0
2.80455708504	-0.000125
2.8136780262	0.000125
2.8227789402	-0.000125
2.8318669796	0.0
2.84113502502	-0.000125
2.85032987595	0.0
2.85944604874	-0.000125
2.86855888367	-0.000125
2.87766909599	-0.000125
2.88676309586	-0.000125
2.89600992203	0.0
2.90519309044	-0.000125
2.91429591179	0.0
2.9235470295	0.0
2.93273997307	-0.000125
2.94198393822	-0.000125
2.95116090775	0.0
2.96026086807	-0.00025
2.96935296059	0.0
2.97844386101	-0.000125
2.98752808571	-0.000125
2.99675107002	0.0
3.00592589378	-0.000125
3.01502799988	0.0
3.02412009239	-0.000125
3.03320789337	-0.000125
3.04243087769	-0.00025
3.05161595345	0.0
3.0607149601	-0.00025
3.0698029995	0.0
3.07889509201	-0.000125
3.08826589584	-0.000125
3.09763288498	-0.000125
3.10683608055	0.0
3.11593389511	0.0
3.1250269413	-0.000125
3.13411688805	-0.000125
3.14334201813	-0.000125
3.15251898766	0.0
3.16161799431	-0.00025
3.17071008682	-0.000125
3.17980194092	-0.000125
3.1889359951	-0.000125
3.19818687439	-0.000125
3.20739793777	-0.000125
3.21650004387	-0.000125
3.22559189796	-0.000125
3.23467898369	-0.000125
3.24390888214	-0.000125
3.25308609009	-0.00025
3.26218390465	-0.00025
3.27127194405	0.0
3.28036093712	-0.00025
3.28945088387	0.0
3.29875206947	-0.000125
3.30800795555	-0.00025
3.31794691086	0.0
3.32785797119	-0.000125
3.33772587776	-0.000125
3.34779286385	-0.00025
3.35778594017	-0.000125
3.36766600609	-0.000125
3.37752985954	-0.000125
3.39161086082	-0.00025
3.40196609497	-0.00025
3.41197896004	-0.00025
3.42186188698	-0.00025
3.43172693253	-0.000125
3.44158387184	-0.00025
3.45164704323	-0.000125
3.46167087555	-0.000125
3.47155094147	-0.000125
3.48140788078	-0.00025
3.49126887321	-0.000125
3.50134706497	-0.00025
3.51137208939	-0.000125
3.52145600319	-0.000125
3.53144097328	-0.000125
3.55573296547	-0.00025
3.5657980442	-0.00025
3.57569503784	-0.000125
3.58555793762	-0.00025
3.59541487694	-0.00025
3.60549402237	-0.00025
3.61553192139	-0.000125
3.62540793419	-0.000375
3.63526988029	-0.000125
3.64512300491	-0.000125
3.65521287918	-0.000125
3.66520094872	-0.000125
3.67507195473	-0.000125
3.6849360466	-0.000375
3.69497299194	-0.000125
3.70521402359	-0.00025
3.71520400047	-0.000125
3.72512388229	-0.000125
3.7349820137	-0.000125
3.74484086037	-0.00025
3.75484609604	-0.000125
3.76479101181	-0.000125
3.77465605736	-0.00025
3.78452992439	-0.00025
3.7943918705	-0.000125
3.80439686775	-0.000375
3.81434488297	-0.000125
3.82436394691	-0.000125
3.8343129158	-0.000125
3.844176054	-0.000375
3.85418796539	-0.000125
3.86414194107	-0.000375
3.87400698662	-0.000125
3.88524508476	-0.000125
3.89524006844	-0.000125
3.9052670002	-0.000375
3.9152200222	-0.000125
3.92514491081	-0.000375
3.93502187729	-0.00025
3.94488286972	-0.000375
3.95490407944	-0.000125
3.96488595009	-0.00025
3.97475600243	-0.000125
3.98461508751	-0.00025
3.99464392662	-0.00025
4.00488495827	-0.000375
4.04383707047	-0.00025
4.05369901657	-0.00025
4.06377005577	-0.00025
4.07372403145	-0.00025
4.08358001709	-0.00025
4.09343600273	-0.000125
4.10329794884	-0.000375
4.11332988739	-0.000125
4.12328290939	-0.000375
4.13319587708	-0.00025
4.14305686951	-0.000375
4.1529109478	-0.000125
4.16294288635	-0.00025
4.17290687561	-0.00025
4.18277001381	-0.000375
4.19262504578	-0.00025
4.20248103142	-0.000375
4.21250104904	-0.00025
4.22245597839	-0.00025
4.23236703873	-0.000125
4.24223303795	-0.000375
4.25209498405	-0.00025
4.26214289665	-0.00025
4.27210688591	-0.00025
4.28197193146	-0.00025
4.29183292389	-0.00025
4.30174803734	-0.00025
4.31197404861	-0.00025
4.3219640255	-0.00025
4.33184099197	-0.00025
4.34175205231	-0.000375
4.35160803795	-0.00025
4.36155486107	-0.00025
4.37159395218	-0.00025
4.38157296181	-0.00025
4.39145207405	-0.00025
4.40131306648	-0.00025
4.4111828804	-0.00025
4.42134189606	-0.000375
4.43132686615	-0.00025
4.44124102592	-0.000375
4.45110797882	-0.00025
4.46097207069	-0.00025
4.47099399567	-0.000125
4.48095202446	-0.00025
4.49083399773	-0.000375
4.50068902969	-0.00025
4.51054286957	-0.000375
4.52055597305	-0.00025
4.53051686287	-0.00025
4.54043006897	-0.00025
4.55030798912	-0.00025
4.56017494202	-0.000375
4.57020401955	-0.00025
4.58017396927	-0.00025
4.59006094933	-0.00025
4.59999608994	-0.00025
4.61019301414	-0.000125
4.62048697472	-0.00025
4.63046908379	-0.00025
4.64033508301	-0.00025
4.65024995804	-0.00025
4.66010904312	-0.00025
4.67013287544	-0.00025
4.68008303642	-0.000375
4.68995189667	-0.000375
4.69981408119	-0.00025
4.70967698097	-0.00025
4.71973395348	-0.00025
4.72989606857	-0.00025
4.73982596397	-0.000375
4.74974298477	-0.00025
4.75960707664	-0.00025
4.76963186264	-0.00025
4.77959489822	-0.00025
4.78947091103	-0.000375
4.79933595657	-0.00025
4.80920290947	-0.00025
4.81937408447	-0.00025
4.82934999466	-0.000375
4.83922290802	-0.000375
4.84918189049	-0.000375
4.8590939045	-0.00025
4.86913204193	-0.000375
4.87920188904	-0.000375
4.88912296295	-0.00025
4.89902997017	-0.00025
4.90889000893	-0.00025
4.91914391518	-0.00025
4.92935299873	-0.00025
4.93929600716	-0.00025
4.94921207428	-0.000375
4.95916509628	-0.000375
4.96912407875	-0.000375
4.97923994064	-0.000375
4.98922586441	-0.00025
4.9991569519	-0.00025
5.0090739727	-0.00025
5.01900887489	-0.00025
5.02918291092	-0.00025
5.03916192055	-0.00025
5.04907798767	-0.000375
5.05903697014	-0.00025
5.06890487671	-0.000375
5.07893705368	-0.00025
5.08890604973	-0.00025
5.09877705574	-0.000375
5.10864305496	-0.00025
5.11851000786	-0.00025
5.12852287292	-0.000375
5.13847303391	-0.00025
5.14834403992	-0.00025
5.15825486183	-0.000375
5.16816997528	-0.000375
5.17820906639	-0.00025
5.18818807602	-0.000375
5.19813489914	-0.00025
5.20799708366	-0.00025
5.21814990044	-0.00025
5.22845005989	-0.00025
5.23845791817	-0.00025
5.24833893776	-0.000375
5.25825405121	-0.00025
5.26813602448	-0.000375
5.27821588516	-0.00025
5.28820896149	-0.000375
5.29813504219	-0.00025
5.30799603462	-0.000375
5.31789803505	-0.00025
5.32803797722	-0.000375
5.33816599846	-0.00025
5.34809398651	-0.000375
5.35795807838	-0.00025
5.36786293983	-0.000375
5.37788295746	-0.00025
5.3882689476	-0.000375
5.39826989174	-0.00025
5.40816807747	-0.000375
5.41812300682	-0.00025
5.42821288109	-0.000375
5.43821787834	-0.00025
5.44814705849	-0.000375
5.45801186562	-0.00025
5.46796607971	-0.00025
5.47795701027	-0.00025
5.48811101913	-0.000375
5.49799799919	-0.00025
5.50790786743	-0.000375
5.51776599884	-0.000375
5.52796697617	-0.000375
5.53828597069	-0.00025
5.54824900627	-0.000375
5.55816793442	-0.000375
5.56812286377	-0.000375
5.57798409462	-0.00025
5.58814787865	-0.000375
5.59815907478	-0.00025
5.60803508759	-0.000375
5.61794495583	-0.000375
5.62804389	-0.000375
5.63823795319	-0.00025
5.64820694923	-0.000375
5.65813398361	-0.000375
5.6680419445	-0.000375
5.67794799805	-0.00025
5.68799996376	-0.000375
5.69804286957	-0.00025
5.70796203613	-0.000375
5.71786403656	-0.00025
5.72772789001	-0.00025
5.73773908615	-0.00025
5.74771404266	-0.000375
5.75758099556	-0.00025
5.7674870491	-0.0005
5.7773630619	-0.000375
5.78738498688	-0.00025
5.79734897614	-0.00025
5.80722308159	-0.000375
5.8170800209	-0.000375
5.82711386681	-0.00025
5.83747386932	-0.000375
5.84747385979	-0.000375
5.85735297203	-0.000375
5.867208004	-0.000375
5.87719893456	-0.00025
5.88722205162	-0.000375
5.89724898338	-0.000375
5.90717506409	-0.000375
5.91705393791	-0.000375
5.92691993713	-0.000375
5.93693399429	-0.00025
5.94688296318	-0.000375
5.95675492287	-0.000375
5.96662592888	-0.000375
5.97653102875	-0.00025
5.98653197289	-0.000375
5.99648690224	-0.00025
6.00636005402	-0.000375
6.01622486115	-0.000375
6.02607989311	-0.000375
6.03600502014	-0.000375
6.04605603218	-0.000375
6.05594587326	-0.00025
6.06580400467	-0.000375
6.07566189766	-0.00025
6.08557605743	-0.000375
6.09568095207	-0.00025
6.10563087463	-0.000375
6.11549592018	-0.00025
6.12535405159	-0.000375
6.13551688194	-0.00025
6.14576196671	-0.000375
6.15574193001	-0.000375
6.16561603546	-0.00025
6.17547106743	-0.000375
6.18534588814	-0.000375
6.19538402557	-0.00025
6.20533490181	-0.000375
6.21519994736	-0.00025
6.225233078	-0.000375
6.23518204689	-0.00025
6.24520206451	-0.000375
6.25516104698	-0.00025
6.26502609253	-0.000375
6.27488088608	-0.00025
6.28478002548	-0.000375
6.29479789734	-0.00025
6.30474495888	-0.000375
6.31460809708	-0.000375
6.32446193695	-0.000375
6.33431386948	-0.00025
6.3443210125	-0.000375
6.35426497459	-0.00025
6.36413693428	-0.0005
6.37400794029	-0.00025
6.38386893272	-0.0005
6.39389204979	-0.00025
6.40385699272	-0.00025
6.41373205185	-0.00025
6.42359209061	-0.000375
6.43349885941	-0.000375
6.44372701645	-0.000375
6.4537229538	-0.00025
6.46359491348	-0.0005
6.47344899178	-0.00025
6.48330402374	-0.000375
6.4932179451	-0.000375
6.50326299667	-0.000375
6.51316404343	-0.00025
6.52319097519	-0.000375
6.53314590454	-0.000375
6.54303503036	-0.000375
6.5531039238	-0.000375
6.56304097176	-0.000375
6.57291603088	-0.000375
6.58280706406	-0.000375
6.59267497063	-0.000375
6.60272693634	-0.000375
6.61268901825	-0.000375
6.62255597115	-0.000375
6.63241291046	-0.00025
6.6422688961	-0.00025
6.65229392052	-0.00025
6.66224908829	-0.000375
6.67211699486	-0.00025
6.6819729805	-0.000375
6.69183397293	-0.000375
6.7018699646	-0.000375
6.71182608604	-0.000375
6.72170901299	-0.000375
6.73157286644	-0.000375
6.74164605141	-0.000375
6.75193691254	-0.000375
6.76192593575	-0.000375
6.77179789543	-0.000375
6.78166294098	-0.000375
6.79153490067	-0.000375
6.80156302452	-0.00025
6.81152486801	-0.000375
6.82139205933	-0.000375
6.83124804497	-0.000375
6.84110188484	-0.000375
6.85113191605	-0.00025
6.86111187935	-0.000375
6.8709769249	-0.000375
6.88083291054	-0.0005
6.89099192619	-0.00025
6.90111708641	-0.000375
6.91110706329	-0.000375
6.92098999023	-0.000375
6.9308578968	-0.000375
6.94072508812	-0.000375
6.95074892044	-0.000375
6.96077609062	-0.000375
6.97069001198	-0.000375
6.9805560112	-0.000375
6.99041390419	-0.000375
7.00037097931	-0.000375
7.01044797897	-0.000375
7.02035808563	-0.000375
7.03021907806	-0.000375
7.04007792473	-0.000375
7.0503308773	-0.000375
7.06050491333	-0.000375
7.07045793533	-0.000375
7.08032393456	-0.000375
7.09019088745	-0.00025
7.10010290146	-0.000375
7.11014103889	-0.000375
7.12011003494	-0.000375
7.13070392609	-0.0005
7.14065003395	-0.000375
7.1505150795	-0.000375
7.16053986549	-0.00025
7.17050695419	-0.000375
7.18037486076	-0.000375
7.19022893906	-0.000375
7.20010089874	-0.000375
7.21011304855	-0.000375
7.22006297112	-0.000375
7.22992897034	-0.000375
7.23979306221	-0.00025
7.24965786934	-0.000375
7.25970387459	-0.000375
7.26967287064	-0.000375
7.27954697609	-0.00025
7.28940987587	-0.000375
7.29929900169	-0.000375
7.3093290329	-0.000375
7.31928300858	-0.000375
7.32915997505	-0.0005
7.33910989761	-0.000375
7.34923601151	-0.000375
7.35953903198	-0.0005
7.36953806877	-0.000375
7.37941598892	-0.00025
7.38929486275	-0.000375
7.39916491508	-0.000375
7.4092669487	-0.000375
7.41923594475	-0.000375
7.43039107323	-0.000375
7.44040203094	-0.000375
7.45028209686	-0.000375
7.46029806137	-0.00025
7.4702398777	-0.000375
7.48010396957	-0.00025
7.48996806145	-0.0005
7.49983000755	-0.00025
7.50985097885	-0.000375
7.51979708672	-0.000375
7.5296690464	-0.000375
7.53953194618	-0.00025
7.54939508438	-0.000375
7.55941486359	-0.000375
7.5693769455	-0.0005
7.5792529583	-0.000375
7.58918190002	-0.000375
7.59909391403	-0.000375
7.60913085938	-0.000375
7.61923599243	-0.000375
7.62914896011	-0.000375
7.63906502724	-0.000375
7.64892292023	-0.000375
7.65948009491	-0.000375
7.66961288452	-0.000375
7.67953085899	-0.000375
7.68939709663	-0.000375
7.69926095009	-0.000375
7.70917606354	-0.000375
7.71929597855	-0.000375
7.72925591469	-0.000375
7.73912286758	-0.00025
7.74904108047	-0.000375
7.75890493393	-0.00025
7.76893997192	-0.000375
7.77889800072	-0.000375
7.7887699604	-0.0005
7.79863405228	-0.000375
7.80849695206	-0.000375
7.81856608391	-0.00025
7.82853388786	-0.0005
7.83840703964	-0.000375
7.84827208519	-0.000375
7.85813903809	-0.000375
7.86816000938	-0.0005
7.87818002701	-0.000375
7.88809108734	-0.0005
7.89795303345	-0.000375
7.90785098076	-0.000375
7.91787600517	-0.0005
7.92792105675	-0.000375
7.93783903122	-0.000375
7.94770789146	-0.000375
7.95770597458	-0.000375
7.96800708771	-0.000375
7.97815299034	-0.000375
7.98804092407	-0.000375
7.99795293808	-0.00025
8.0078599453	-0.0005
